0.000000 1.026784
0.030060 0.978928
0.060120 1.327092
0.090180 1.133724
0.120240 1.180419
0.150301 0.718476
0.180361 0.486852
0.210421 0.821724
0.240481 0.940328
0.270541 1.116617
0.300601 0.923344
0.330661 0.655753
0.360721 0.768897
0.390782 0.925518
0.420842 1.041340
0.450902 0.750723
0.480962 0.717313
0.511022 0.830209
0.541082 0.678035
0.571142 0.629029
0.601202 0.899038
0.631263 0.684380
0.661323 0.680780
0.691383 0.535528
0.721443 0.581831
0.751503 0.690690
0.781563 0.665798
0.811623 0.484518
0.841683 0.583583
0.871743 0.884885
0.901804 0.525419
0.931864 0.491139
0.961924 0.491846
0.991984 -0.013309
1.022044 0.586428
1.052104 0.439015
1.082164 0.376037
1.112224 0.539073
1.142285 0.686118
1.172345 0.266616
1.202405 0.555871
1.232465 0.652049
1.262525 0.121156
1.292585 0.115372
1.322645 0.629322
1.352705 0.008390
1.382766 0.509894
1.412826 0.413205
1.442886 0.035349
1.472946 0.023452
1.503006 0.309000
1.533066 -0.022409
1.563126 -0.002706
1.593186 0.140706
1.623246 0.063420
1.653307 -0.052687
1.683367 0.176129
1.713427 -0.116994
1.743487 0.005932
1.773547 -0.483621
1.803607 -0.240114
1.833667 -0.149021
1.863727 -0.255580
1.893788 -0.370818
1.923848 -0.561337
1.953908 0.035848
1.983968 -0.245639
2.014028 -0.045638
2.044088 -0.234256
2.074148 -0.509720
2.104208 -0.148638
2.134269 -0.598069
2.164329 -0.295655
2.194389 -0.629601
2.224449 -0.503898
2.254509 -0.204936
2.284569 -0.441423
2.314629 0.130483
2.344689 -0.192656
2.374749 -0.216631
2.404810 -0.448828
2.434870 -0.806177
2.464930 -0.543464
2.494990 -0.530884
2.525050 -1.103222
2.555110 -0.767872
2.585170 -1.088070
2.615230 -0.865936
2.645291 -0.767413
2.675351 -0.847095
2.705411 -0.654653
2.735471 -0.777786
2.765531 -1.039307
2.795591 -0.900336
2.825651 -0.715821
2.855711 -0.489933
2.885772 -0.349456
2.915832 -0.705682
2.945892 -0.694377
2.975952 -0.476777
3.006012 -0.619367
3.036072 -0.828227
3.066132 -0.641169
3.096192 -0.329505
3.126253 -0.301497
3.156313 -0.803466
3.186373 -0.875269
3.216433 -0.979072
3.246493 -0.996541
3.276553 -0.790552
3.306613 -0.412424
3.336673 -0.969039
3.366733 -0.905775
3.396794 -0.717693
3.426854 -0.645003
3.456914 -0.205854
3.486974 -0.593598
3.517034 -0.580206
3.547094 -0.788720
3.577154 -0.288627
3.607214 -0.695635
3.637275 -0.230989
3.667335 -0.517891
3.697395 -0.787205
3.727455 -0.516769
3.757515 -0.627771
3.787575 -0.365292
3.817635 -0.269367
3.847695 -0.359013
3.877756 -0.581988
3.907816 -0.372916
3.937876 -0.598611
3.967936 -0.562731
3.997996 -0.286423
4.028056 -0.383953
4.058116 -0.496604
4.088176 -0.290521
4.118236 -0.464330
4.148297 -0.344915
4.178357 -0.234205
4.208417 0.248247
4.238477 -0.431041
4.268537 -0.409222
4.298597 0.091539
4.328657 0.059893
4.358717 -0.155598
4.388778 -0.220656
4.418838 -0.221238
4.448898 -0.650069
4.478958 -0.340043
4.509018 -0.132463
4.539078 -0.117834
4.569138 -0.117203
4.599198 -0.047919
4.629259 0.086637
4.659319 -0.168033
4.689379 -0.025956
4.719439 -0.027228
4.749499 0.025641
4.779559 0.314259
4.809619 -0.212078
4.839679 0.272057
4.869739 -0.116668
4.899800 0.236238
4.929860 0.196087
4.959920 0.205893
4.989980 0.309239
5.020040 0.138079
5.050100 0.237159
5.080160 0.414732
5.110220 0.144268
5.140281 0.109224
5.170341 -0.000614
5.200401 0.468387
5.230461 0.225405
5.260521 0.116527
5.290581 0.573940
5.320641 0.000963
5.350701 0.581677
5.380762 0.371836
5.410822 0.454022
5.440882 0.831148
5.470942 0.683815
5.501002 0.364956
5.531062 0.316273
5.561122 0.146858
5.591182 0.283410
5.621242 0.433528
5.651303 0.290213
5.681363 0.716275
5.711423 0.432668
5.741483 0.380362
5.771543 0.334195
5.801603 0.600213
5.831663 0.912621
5.861723 0.683991
5.891784 0.449041
5.921844 0.584639
5.951904 0.483981
5.981964 0.451592
6.012024 0.541338
6.042084 0.639859
6.072144 0.547879
6.102204 0.506910
6.132265 0.445092
6.162325 0.241852
6.192385 0.666801
6.222445 0.673112
6.252505 0.196084
6.282565 0.392576
6.312625 0.384647
6.342685 0.679901
6.372745 0.786693
6.402806 0.677612
6.432866 0.726700
6.462926 0.382986
6.492986 0.640064
6.523046 0.673517
6.553106 0.655389
6.583166 0.436363
6.613226 0.547945
6.643287 0.680153
6.673347 0.176502
6.703407 0.801250
6.733467 0.167004
6.763527 0.198771
6.793587 0.398927
6.823647 0.051124
6.853707 0.399574
6.883768 -0.086817
6.913828 0.470406
6.943888 0.347697
6.973948 0.448690
7.004008 0.351399
7.034068 0.391677
7.064128 0.220933
7.094188 0.312711
7.124248 0.448108
7.154309 0.343184
7.184369 0.394095
7.214429 0.157421
7.244489 0.273683
7.274549 0.508184
7.304609 -0.285759
7.334669 -0.008827
7.364729 -0.101328
7.394790 0.425320
7.424850 0.073625
7.454910 0.112934
7.484970 0.038267
7.515030 0.692366
7.545090 -0.243121
7.575150 0.206619
7.605210 0.032665
7.635271 0.295066
7.665331 0.426378
7.695391 -0.174187
7.725451 -0.112387
7.755511 0.278463
7.785571 0.005477
7.815631 -0.223069
7.845691 0.224478
7.875752 -0.087062
7.905812 -0.098574
7.935872 -0.100186
7.965932 -0.092142
7.995992 0.000937
8.026052 -0.041991
8.056112 -0.199063
8.086172 -0.213985
8.116232 0.161031
8.146293 -0.354913
8.176353 -0.059711
8.206413 -0.156357
8.236473 0.078854
8.266533 -0.227441
8.296593 -0.210530
8.326653 -0.361131
8.356713 -0.095637
8.386774 -0.352518
8.416834 -0.122314
8.446894 -0.130079
8.476954 -0.434521
8.507014 0.130598
8.537074 -0.203032
8.567134 -0.067727
8.597194 -0.175381
8.627255 -0.280020
8.657315 -0.069711
8.687375 0.018858
8.717435 -0.242206
8.747495 -0.349412
8.777555 -0.311875
8.807615 -0.458552
8.837675 -0.180595
8.867735 -0.442447
8.897796 -0.184461
8.927856 -0.486496
8.957916 -0.569193
8.987976 -0.556731
9.018036 -0.362977
9.048096 -0.209225
9.078156 -0.405927
9.108216 -0.683915
9.138277 -0.249473
9.168337 -0.388426
9.198397 -0.339141
9.228457 -0.161054
9.258517 -0.112003
9.288577 -0.501763
9.318637 -0.675557
9.348697 -0.508507
9.378758 -0.180822
9.408818 -0.367364
9.438878 -0.345880
9.468938 -0.552375
9.498998 -0.154556
9.529058 0.184075
9.559118 -0.344996
9.589178 -0.239739
9.619238 -0.435691
9.649299 -0.901858
9.679359 -0.166601
9.709419 -0.544665
9.739479 -0.560266
9.769539 -0.617334
9.799599 -0.240423
9.829659 -0.532035
9.859719 -0.226068
9.889780 -0.324445
9.919840 -0.616971
9.949900 -0.444203
9.979960 -0.363978
10.010020 -0.236386
10.040080 -0.221650
10.070140 -0.460665
10.100200 -0.193817
10.130261 -0.300108
10.160321 -0.246739
10.190381 -0.235024
10.220441 0.041760
10.250501 -0.553723
10.280561 -0.227996
10.310621 -0.236824
10.340681 -0.668820
10.370741 -0.408771
10.400802 -0.155853
10.430862 -0.403274
10.460922 -0.164275
10.490982 -0.131192
10.521042 -0.275663
10.551102 0.307690
10.581162 -0.004140
10.611222 -0.294330
10.641283 -0.346078
10.671343 -0.361739
10.701403 0.112044
10.731463 0.360377
10.761523 -0.104786
10.791583 0.148881
10.821643 0.052383
10.851703 0.226557
10.881764 0.243122
10.911824 -0.074343
10.941884 0.118581
10.971944 -0.004005
11.002004 -0.052649
11.032064 0.279384
11.062124 0.019463
11.092184 0.092910
11.122244 -0.073302
11.152305 0.303257
11.182365 0.030528
11.212425 0.118529
11.242485 0.207870
11.272545 -0.202289
11.302605 0.313312
11.332665 -0.047027
11.362725 0.099892
11.392786 0.297085
11.422846 -0.037422
11.452906 0.055812
11.482966 -0.031074
11.513026 0.170825
11.543086 0.213358
11.573146 0.214603
11.603206 0.507765
11.633267 0.239012
11.663327 0.189628
11.693387 0.347627
11.723447 0.320606
11.753507 0.562224
11.783567 -0.237989
11.813627 0.450995
11.843687 0.173712
11.873747 0.677107
11.903808 0.135260
11.933868 0.409430
11.963928 -0.187031
11.993988 -0.214857
12.024048 0.324697
12.054108 0.091785
12.084168 0.423939
12.114228 0.300985
12.144289 0.261104
12.174349 -0.059987
12.204409 -0.068756
12.234469 0.238629
12.264529 0.228193
12.294589 0.354640
12.324649 0.310405
12.354709 0.219169
12.384770 0.309679
12.414830 0.513967
12.444890 0.455705
12.474950 0.572362
12.505010 0.143359
12.535070 0.590696
12.565130 0.265491
12.595190 0.264482
12.625251 0.084004
12.655311 0.270244
12.685371 0.442571
12.715431 0.243140
12.745491 0.214344
12.775551 0.350011
12.805611 0.175314
12.835671 0.351527
12.865731 0.261373
12.895792 0.395345
12.925852 0.363318
12.955912 0.470842
12.985972 0.340104
13.016032 0.274337
13.046092 0.210980
13.076152 0.468903
13.106212 0.284245
13.136273 0.024184
13.166333 0.188522
13.196393 0.160740
13.226453 0.086674
13.256513 0.020924
13.286573 0.147905
13.316633 0.211545
13.346693 0.350767
13.376754 0.389577
13.406814 -0.191252
13.436874 0.059405
13.466934 0.050516
13.496994 0.204518
13.527054 0.324378
13.557114 0.002932
13.587174 0.516053
13.617234 0.366397
13.647295 0.466277
13.677355 -0.074097
13.707415 0.181383
13.737475 0.070480
13.767535 -0.085482
13.797595 0.397503
13.827655 -0.085888
13.857715 0.565765
13.887776 -0.177763
13.917836 0.194726
13.947896 -0.154289
13.977956 -0.327797
14.008016 -0.112556
14.038076 -0.085250
14.068136 -0.217218
14.098196 0.496779
14.128257 -0.155694
14.158317 0.205721
14.188377 0.058984
14.218437 0.208876
14.248497 0.119763
14.278557 -0.143889
14.308617 -0.367449
14.338677 -0.254339
14.368737 0.101641
14.398798 -0.302959
14.428858 0.055931
14.458918 -0.132748
14.488978 -0.059144
14.519038 0.103805
14.549098 -0.102651
14.579158 -0.212946
14.609218 -0.199813
14.639279 -0.076974
14.669339 -0.212311
14.699399 -0.278260
14.729459 -0.278390
14.759519 -0.328943
14.789579 0.095053
14.819639 -0.369731
14.849699 -0.035789
14.879760 -0.087797
14.909820 0.099246
14.939880 -0.135760
14.969940 0.020375
15.000000 -0.094438


0.000000 1.153020 0.986936
0.100000 0.975472 0.967488
0.200000 0.893527 0.939379
0.300000 0.861984 0.903289
0.400000 0.835677 0.859896
0.500000 0.784390 0.809880
0.600000 0.715918 0.753920
0.700000 0.644003 0.692696
0.800000 0.582280 0.626885
0.900000 0.536211 0.557168
1.000000 0.497697 0.484224
1.100000 0.457359 0.408732
1.200000 0.405973 0.331370
1.300000 0.338658 0.252820
1.400000 0.255329 0.173758
1.500000 0.156150 0.094865
1.600000 0.041933 0.016821
1.700000 -0.077378 -0.059699
1.800000 -0.185089 -0.134106
1.900000 -0.264347 -0.205957
2.000000 -0.301888 -0.274818
2.100000 -0.313747 -0.340257
2.200000 -0.330266 -0.401842
2.300000 -0.381883 -0.459138
2.400000 -0.489534 -0.511715
2.500000 -0.626239 -0.559139
2.600000 -0.749947 -0.600977
2.700000 -0.818609 -0.636797
2.800000 -0.807140 -0.666166
2.900000 -0.744396 -0.688651
3.000000 -0.669929 -0.703820
3.100000 -0.623158 -0.711240
3.200000 -0.623266 -0.710478
3.300000 -0.647998 -0.701102
3.400000 -0.670028 -0.682741
3.500000 -0.662448 -0.655759
3.600000 -0.616228 -0.620989
3.700000 -0.546522 -0.579274
3.800000 -0.470202 -0.531457
3.900000 -0.403569 -0.478378
4.000000 -0.351926 -0.420881
4.100000 -0.310626 -0.359808
4.200000 -0.274663 -0.296002
4.300000 -0.239114 -0.230304
4.400000 -0.199930 -0.163556
4.500000 -0.153586 -0.096602
4.600000 -0.096567 -0.030283
4.700000 -0.026549 0.034558
4.800000 0.051170 0.097079
4.900000 0.128292 0.156437
5.000000 0.196515 0.211792
5.100000 0.250013 0.262445
5.200000 0.292870 0.308288
5.300000 0.331647 0.349354
5.400000 0.372899 0.385680
5.500000 0.419530 0.417300
5.600000 0.465176 0.444252
5.700000 0.502018 0.466569
5.800000 0.522327 0.484287
5.900000 0.524822 0.497442
6.000000 0.518926 0.506070
6.100000 0.515074 0.510205
6.200000 0.523287 0.509884
6.300000 0.542181 0.505141
6.400000 0.557758 0.496012
6.500000 0.555370 0.482533
6.600000 0.521575 0.464738
6.700000 0.459984 0.442667
6.800000 0.386809 0.416502
6.900000 0.318559 0.386655
7.000000 0.269901 0.353554
7.100000 0.240481 0.317630
7.200000 0.222606 0.279313
7.300000 0.208534 0.239031
7.400000 0.191109 0.197216
7.500000 0.166119 0.154295
7.600000 0.130278 0.110701
7.700000 0.080304 0.066861
7.800000 0.016393 0.023206
7.900000 -0.050186 -0.019835
8.000000 -0.105969 -0.061831
8.100000 -0.137558 -0.102353
8.200000 -0.141215 -0.140971
8.300000 -0.132989 -0.177256
8.400000 -0.131351 -0.210796
8.500000 -0.154426 -0.241401
8.600000 -0.205662 -0.269021
8.700000 -0.268645 -0.293609
8.800000 -0.325552 -0.315117
8.900000 -0.359339 -0.333499
9.000000 -0.368033 -0.348707
9.100000 -0.363289 -0.360695
9.200000 -0.357251 -0.369415
9.300000 -0.360965 -0.374820
9.400000 -0.373792 -0.376863
9.500000 -0.388056 -0.375497
9.600000 -0.395984 -0.370675
9.700000 -0.391294 -0.362349
9.800000 -0.377220 -0.350473
9.900000 -0.360739 -0.334999
10.000000 -0.348837 -0.315881
10.100000 -0.345022 -0.293149
10.200000 -0.338888 -0.267147
10.300000 -0.316549 -0.238299
10.400000 -0.264144 -0.207027
10.500000 -0.177542 -0.173754
10.600000 -0.077354 -0.138901
10.700000 0.011934 -0.102892
10.800000 0.066066 -0.066150
10.900000 0.077507 -0.029096
11.000000 0.066483 0.007847
11.100000 0.055837 0.044255
11.200000 0.067772 0.079707
11.300000 0.106638 0.113779
11.400000 0.157059 0.146050
11.500000 0.202634 0.176097
11.600000 0.227968 0.203496
11.700000 0.231847 0.227829
11.800000 0.223536 0.248856
11.900000 0.212545 0.266619
12.000000 0.207697 0.281183
12.100000 0.212181 0.292612
12.200000 0.226438 0.300972
12.300000 0.250890 0.306327
12.400000 0.284534 0.308743
12.500000 0.319187 0.308285
12.600000 0.344407 0.305018
12.700000 0.349755 0.299007
12.800000 0.329554 0.290316
12.900000 0.293275 0.279012
13.000000 0.253396 0.265158
13.100000 0.222353 0.248821
13.200000 0.206510 0.230065
13.300000 0.199796 0.208955
13.400000 0.194620 0.185577
13.500000 0.183487 0.160264
13.600000 0.163150 0.133503
13.700000 0.136100 0.105788
13.800000 0.105235 0.077610
13.900000 0.073365 0.049463
14.000000 0.041586 0.021837
14.100000 0.009442 -0.004775
14.200000 -0.023580 -0.029879
14.300000 -0.057824 -0.052986
14.400000 -0.091840 -0.073601
14.500000 -0.123100 -0.091234
14.600000 -0.149063 -0.105391
14.700000 -0.165508 -0.115581
14.800000 -0.157512 -0.121311
14.900000 -0.105941 -0.122090
15.000000 0.008348 -0.117424
