0.000000 -0.973216
0.012592 -1.004712
0.025183 -0.638670
0.037775 -0.812654
0.050366 -0.745081
0.062958 -1.184667
0.075549 -1.392472
0.088141 -1.032332
0.100732 -0.887031
0.113324 -0.682632
0.125916 -0.846404
0.138507 -1.083123
0.151099 -0.937757
0.163690 -0.747586
0.176282 -0.596910
0.188873 -0.851395
0.201465 -0.847418
0.214056 -0.695908
0.226648 -0.808267
0.239240 -0.816285
0.251831 -0.504143
0.264423 -0.675556
0.277014 -0.634826
0.289606 -0.734695
0.302197 -0.641989
0.314789 -0.485737
0.327380 -0.462281
0.339972 -0.594293
0.352564 -0.445071
0.365155 -0.092761
0.377747 -0.400402
0.390338 -0.382076
0.402930 -0.328020
0.415521 -0.779119
0.428113 -0.124655
0.440704 -0.216710
0.453296 -0.223736
0.465887 -0.004194
0.478479 0.199874
0.491071 -0.162128
0.503662 0.185066
0.516254 0.339581
0.528845 -0.132618
0.541437 -0.079388
0.554028 0.493855
0.566620 -0.067545
0.579211 0.493688
0.591803 0.456888
0.604395 0.139039
0.616986 0.187226
0.629578 0.532897
0.642169 0.261609
0.654761 0.341391
0.667352 0.544801
0.679944 0.527392
0.692535 0.471001
0.705127 0.759335
0.717719 0.525492
0.730310 0.707420
0.742902 0.276555
0.755493 0.578398
0.768085 0.727437
0.780676 0.678397
0.793268 0.620214
0.805859 0.486250
0.818451 1.139456
0.831043 0.913419
0.843634 1.168264
0.856226 1.033852
0.868817 0.811920
0.881409 1.225829
0.894000 0.828487
0.906592 1.182220
0.919183 0.898793
0.931775 1.074184
0.944367 1.421973
0.956958 1.233423
0.969550 1.852350
0.982141 1.575286
0.994733 1.596414
1.007324 1.408322
1.019916 1.094056
1.032507 1.398805
1.045099 1.452351
1.057691 0.919886
1.070282 1.293993
1.082874 1.011417
1.095465 1.270017
1.108057 1.403831
1.120648 1.358248
1.133240 1.583578
1.145831 1.492106
1.158423 1.261004
1.171014 1.429136
1.183606 1.641542
1.196198 1.894038
1.208789 2.059827
1.221381 1.727607
1.233972 1.761603
1.246564 2.000568
1.259155 1.878010
1.271747 1.687843
1.284338 1.892246
1.296930 2.219905
1.309522 2.262552
1.322113 1.773863
1.334705 1.713979
1.347296 1.620731
1.359888 1.612455
1.372479 1.826272
1.385071 2.210868
1.397662 1.659362
1.410254 1.726378
1.422846 1.916860
1.435437 1.990604
1.448029 2.429465
1.460620 2.040097
1.473212 2.050540
1.485803 1.837756
1.498395 2.332271
1.510986 1.918385
1.523578 2.374864
1.536170 2.078519
1.548761 1.798498
1.561353 2.056974
1.573944 1.932777
1.586536 2.180837
1.599127 2.261137
1.611719 2.154674
1.624310 1.913709
1.636902 2.103635
1.649494 1.857655
1.662085 1.872131
1.674677 2.125936
1.687268 2.004823
1.699860 1.867530
1.712451 2.047933
1.725043 1.847429
1.737634 1.939155
1.750226 2.021206
1.762818 2.474051
1.775409 1.764233
1.788001 1.754624
1.800592 2.223082
1.813184 2.158284
1.825775 1.908817
1.838367 1.808985
1.850958 1.772859
1.863550 1.307739
1.876142 1.580757
1.888733 1.750640
1.901325 1.726908
1.913916 1.688543
1.926508 1.718222
1.939099 1.812595
1.951691 1.517190
1.964282 1.618011
1.976874 1.574988
1.989465 1.585640
2.002057 1.831606
2.014649 1.262208
2.027240 1.702904
2.039832 1.270391
2.052423 1.579188
2.065015 1.494636
2.077606 1.459779
2.090198 1.518227
2.102789 1.301965
2.115381 1.355767
2.127973 1.487913
2.140564 1.171904
2.153156 1.091224
2.165747 0.935687
2.178339 1.358956
2.190930 1.070233
2.203522 0.915637
2.216113 1.327378
2.228705 0.708806
2.241297 1.244025
2.253888 0.988819
2.266480 1.025794
2.279071 1.357889
2.291663 1.165732
2.304254 0.802280
2.316846 0.709260
2.329437 0.495788
2.342029 0.588587
2.354621 0.695281
2.367212 0.508894
2.379804 0.892257
2.392395 0.566347
2.404987 0.472155
2.417578 0.384543
2.430170 0.609575
2.442761 0.881479
2.455353 0.612845
2.467945 0.338410
2.480536 0.435063
2.493128 0.296016
2.505719 0.225814
2.518311 0.278337
2.530902 0.340243
2.543494 0.212274
2.556085 0.135956
2.568677 0.039443
2.581269 -0.197822
2.593860 0.193785
2.606452 0.167449
2.619043 -0.341516
2.631635 -0.176242
2.644226 -0.214657
2.656818 0.050854
2.669409 0.128656
2.682001 -0.008653
2.694592 0.012978
2.707184 -0.357413
2.719776 -0.126227
2.732367 -0.117870
2.744959 -0.160295
2.757550 -0.402810
2.770142 -0.313907
2.782733 -0.203561
2.795325 -0.728254
2.807916 -0.123724
2.820508 -0.777363
2.833100 -0.764161
2.845691 -0.581739
2.858283 -0.946444
2.870874 -0.614066
2.883466 -1.115698
2.896057 -0.572885
2.908649 -0.709175
2.921240 -0.620934
2.933832 -0.730155
2.946424 -0.700983
2.959015 -0.882015
2.971607 -0.799712
2.984198 -0.672980
2.996790 -0.785764
3.009381 -0.741914
3.021973 -0.984855
3.034564 -0.874075
3.047156 -0.644277
3.059748 -1.442152
3.072339 -1.168387
3.084931 -1.263302
3.097522 -0.738321
3.110114 -1.090945
3.122705 -1.051840
3.135297 -1.125994
3.147888 -0.470676
3.160480 -1.404248
3.173072 -0.951910
3.185663 -1.122595
3.198255 -0.856264
3.210846 -0.720376
3.223438 -1.315729
3.236029 -1.248096
3.248621 -0.850805
3.261212 -1.116757
3.273804 -1.337687
3.286396 -0.881959
3.298987 -1.184766
3.311579 -1.187008
3.324170 -1.178829
3.336762 -1.160486
3.349353 -1.056618
3.361945 -1.088281
3.374536 -1.233628
3.387128 -1.236381
3.399720 -0.848769
3.412311 -1.351705
3.424903 -1.043100
3.437494 -1.125964
3.450086 -0.876610
3.462677 -1.168416
3.475269 -1.136688
3.487860 -1.272159
3.500452 -0.991242
3.513043 -1.232421
3.525635 -0.986255
3.538227 -0.977813
3.550818 -1.265821
3.563410 -0.684059
3.576001 -1.000852
3.588593 -0.848535
3.601184 -0.939017
3.613776 -1.026342
3.626367 -0.798593
3.638959 -0.692475
3.651551 -0.935898
3.664142 -1.025386
3.676734 -0.970073
3.689325 -1.098930
3.701917 -0.803126
3.714508 -1.047120
3.727100 -0.771281
3.739691 -1.055483
3.752283 -1.120384
3.764875 -1.090175
3.777466 -0.878742
3.790058 -0.707393
3.802649 -0.886593
3.815241 -1.147192
3.827832 -0.695484
3.840424 -0.817310
3.853015 -0.751051
3.865607 -0.556157
3.878199 -0.490480
3.890790 -0.863806
3.903382 -1.021372
3.915973 -0.838313
3.928565 -0.494849
3.941156 -0.665855
3.953748 -0.629090
3.966339 -0.820569
3.978931 -0.408011
3.991523 -0.054930
4.004114 -0.569848
4.016706 -0.450747
4.029297 -0.633174
4.041889 -1.086143
4.054480 -0.338026
4.067072 -0.703575
4.079663 -0.707017
4.092255 -0.752288
4.104847 -0.363950
4.117438 -0.644515
4.130030 -0.327885
4.142621 -0.415992
4.155213 -0.698647
4.167804 -0.516412
4.180396 -0.427132
4.192987 -0.290901
4.205579 -0.267947
4.218170 -0.499171
4.230762 -0.224962
4.243354 -0.324326
4.255945 -0.264469
4.268537 -0.246708
4.281128 0.035678
4.293720 -0.554650
4.306311 -0.224218
4.318903 -0.228793
4.331494 -0.656989
4.344086 -0.393595
4.356678 -0.137786
4.369269 -0.382773
4.381861 -0.141796
4.394452 -0.107191
4.407044 -0.250596
4.419635 0.333368
4.432227 0.021696
4.444818 -0.268788
4.457410 -0.321282
4.470002 -0.338137
4.482593 0.134005
4.495185 0.380254
4.507776 -0.087434
4.520368 0.163271
4.532959 0.063377
4.545551 0.233726
4.558142 0.246039
4.570734 -0.076099
4.583326 0.111735
4.595917 -0.016352
4.608509 -0.070903
4.621100 0.254822
4.633692 -0.011802
4.646283 0.054553
4.658875 -0.119133
4.671466 0.249575
4.684058 -0.031375
4.696650 0.048044
4.709241 0.128447
4.721833 -0.290997
4.734424 0.214979
4.747016 -0.155317
4.759607 -0.018680
4.772199 0.167917
4.784790 -0.177495
4.797382 -0.095464
4.809974 -0.193842
4.822565 -0.003717
4.835157 0.026770
4.847748 0.015708
4.860340 0.296310
4.872931 0.014753
4.885523 -0.047668
4.898114 0.097071
4.910706 0.056575
4.923298 0.284515
4.935889 -0.529569
4.948481 0.145361
4.961072 -0.146148
4.973664 0.342859
4.986255 -0.213527
4.998847 0.045963
5.011438 -0.565307
5.024030 -0.608061
5.036621 -0.083543
5.049213 -0.331588
5.061805 -0.014654
5.074396 -0.152902
5.086988 -0.208139
5.099579 -0.544641
5.112171 -0.568861
5.124762 -0.276957
5.137354 -0.302895
5.149945 -0.191956
5.162537 -0.251695
5.175129 -0.358423
5.187720 -0.283377
5.200312 -0.094518
5.212903 -0.168159
5.225495 -0.066824
5.238086 -0.511077
5.250678 -0.078910
5.263269 -0.419191
5.275861 -0.435174
5.288453 -0.630513
5.301044 -0.459008
5.313636 -0.301282
5.326227 -0.515166
5.338819 -0.558258
5.351410 -0.436722
5.364002 -0.625370
5.376593 -0.462921
5.389185 -0.566641
5.401777 -0.446027
5.414368 -0.491192
5.426960 -0.396579
5.439551 -0.539991
5.452143 -0.618183
5.464734 -0.693708
5.477326 -0.447687
5.489917 -0.643971
5.502509 -0.915373
5.515101 -0.762083
5.527692 -0.800609
5.540284 -0.885109
5.552875 -0.960972
5.565467 -0.843777
5.578058 -0.789586
5.590650 -0.659468
5.603241 -0.629410
5.615833 -1.218632
5.628425 -0.976000
5.641016 -0.992540
5.653608 -0.845806
5.666199 -0.732826
5.678791 -1.060756
5.691382 -0.553717
5.703974 -0.709047
5.716565 -0.614426
5.729157 -1.159639
5.741748 -0.908571
5.754340 -1.023454
5.766932 -1.182959
5.779523 -0.703074
5.792115 -1.189118
5.804706 -0.539667
5.817298 -1.284940
5.829889 -0.913735
5.842481 -1.263568
5.855072 -1.437427
5.867664 -1.222063
5.880256 -1.194159
5.892847 -1.325051
5.905439 -0.609495
5.918030 -1.259925
5.930622 -0.895980
5.943213 -1.039698
5.955805 -0.886295
5.968396 -0.971404
5.980988 -1.230558
5.993580 -1.449124
6.006171 -1.330523
6.018763 -0.968554
6.031354 -1.366668
6.043946 -1.000792
6.056537 -1.181986
6.069129 -1.100399
6.081720 -0.928968
6.094312 -1.126445
6.106904 -1.227263
6.119495 -1.204157
6.132087 -1.070851
6.144678 -1.195228
6.157270 -1.249725
6.169861 -1.237915
6.182453 -1.276041
6.195044 -0.839132
6.207636 -1.290523
6.220228 -0.942708
6.232819 -0.980367
6.245411 -0.778503
6.258002 -0.998220
6.270594 -0.826330
6.283185 -0.924929


0.000000 -0.869794 -1.022798
0.010000 -0.892108 -1.012155
0.020000 -0.910723 -1.001068
0.030000 -0.925837 -0.989537
0.040000 -0.937644 -0.977565
0.050000 -0.946328 -0.965154
0.060000 -0.952066 -0.952307
0.070000 -0.955032 -0.939026
0.080000 -0.955390 -0.925314
0.090000 -0.953299 -0.911174
0.100000 -0.948911 -0.896611
0.110000 -0.942372 -0.881628
0.120000 -0.933824 -0.866228
0.130000 -0.923401 -0.850417
0.140000 -0.911231 -0.834198
0.150000 -0.897437 -0.817576
0.160000 -0.882138 -0.800556
0.170000 -0.865445 -0.783142
0.180000 -0.847465 -0.765341
0.190000 -0.828300 -0.747157
0.200000 -0.808046 -0.728596
0.210000 -0.786796 -0.709664
0.220000 -0.764637 -0.690367
0.230000 -0.741651 -0.670711
0.240000 -0.717915 -0.650701
0.250000 -0.693504 -0.630345
0.260000 -0.668486 -0.609650
0.270000 -0.642926 -0.588621
0.280000 -0.616886 -0.567266
0.290000 -0.590423 -0.545591
0.300000 -0.563589 -0.523605
0.310000 -0.536434 -0.501314
0.320000 -0.509004 -0.478725
0.330000 -0.481343 -0.455846
0.340000 -0.453488 -0.432685
0.350000 -0.425477 -0.409249
0.360000 -0.397342 -0.385547
0.370000 -0.369113 -0.361585
0.380000 -0.340818 -0.337373
0.390000 -0.312482 -0.312919
0.400000 -0.284125 -0.288230
0.410000 -0.255769 -0.263314
0.420000 -0.227430 -0.238181
0.430000 -0.199123 -0.212839
0.440000 -0.170862 -0.187295
0.450000 -0.142657 -0.161560
0.460000 -0.114517 -0.135640
0.470000 -0.086451 -0.109546
0.480000 -0.058464 -0.083284
0.490000 -0.030560 -0.056866
0.500000 -0.002743 -0.030298
0.510000 0.024985 -0.003590
0.520000 0.052624 0.023249
0.530000 0.080173 0.050211
0.540000 0.107634 0.077287
0.550000 0.135008 0.104467
0.560000 0.162297 0.131744
0.570000 0.189505 0.159108
0.580000 0.216634 0.186550
0.590000 0.243688 0.214061
0.600000 0.270670 0.241634
0.610000 0.297584 0.269258
0.620000 0.324432 0.296926
0.630000 0.351219 0.324628
0.640000 0.377946 0.352355
0.650000 0.404616 0.380100
0.660000 0.431230 0.407854
0.670000 0.457789 0.435608
0.680000 0.484296 0.463353
0.690000 0.510749 0.491081
0.700000 0.537148 0.518784
0.710000 0.563494 0.546453
0.720000 0.589785 0.574080
0.730000 0.616020 0.601657
0.740000 0.642197 0.629175
0.750000 0.668314 0.656626
0.760000 0.694369 0.684003
0.770000 0.720359 0.711297
0.780000 0.746281 0.738500
0.790000 0.772131 0.765604
0.800000 0.797905 0.792601
0.810000 0.823600 0.819484
0.820000 0.849210 0.846244
0.830000 0.874732 0.872874
0.840000 0.900161 0.899366
0.850000 0.925490 0.925713
0.860000 0.950715 0.951906
0.870000 0.975830 0.977939
0.880000 1.000829 1.003804
0.890000 1.025706 1.029493
0.900000 1.050454 1.054999
0.910000 1.075067 1.080316
0.920000 1.099538 1.105435
0.930000 1.123860 1.130350
0.940000 1.148026 1.155053
0.950000 1.172029 1.179537
0.960000 1.195861 1.203796
0.970000 1.219515 1.227823
0.980000 1.242983 1.251610
0.990000 1.266257 1.275151
1.000000 1.289330 1.298439
1.010000 1.312194 1.321469
1.020000 1.334840 1.344232
1.030000 1.357260 1.366723
1.040000 1.379447 1.388935
1.050000 1.401391 1.410862
1.060000 1.423086 1.432497
1.070000 1.444522 1.453835
1.080000 1.465692 1.474869
1.090000 1.486587 1.495594
1.100000 1.507198 1.516002
1.110000 1.527519 1.536089
1.120000 1.547539 1.555849
1.130000 1.567252 1.575275
1.140000 1.586650 1.594362
1.150000 1.605724 1.613105
1.160000 1.624466 1.631498
1.170000 1.642868 1.649535
1.180000 1.660924 1.667211
1.190000 1.678625 1.684522
1.200000 1.695963 1.701461
1.210000 1.712931 1.718024
1.220000 1.729523 1.734205
1.230000 1.745731 1.750000
1.240000 1.761548 1.765404
1.250000 1.776967 1.780412
1.260000 1.791982 1.795019
1.270000 1.806587 1.809221
1.280000 1.820775 1.823013
1.290000 1.834541 1.836392
1.300000 1.847879 1.849351
1.310000 1.860783 1.861888
1.320000 1.873248 1.873999
1.330000 1.885269 1.885678
1.340000 1.896841 1.896923
1.350000 1.907959 1.907728
1.360000 1.918620 1.918092
1.370000 1.928818 1.928010
1.380000 1.938550 1.937478
1.390000 1.947811 1.946493
1.400000 1.956599 1.955052
1.410000 1.964909 1.963151
1.420000 1.972738 1.970788
1.430000 1.980084 1.977960
1.440000 1.986942 1.984663
1.450000 1.993311 1.990896
1.460000 1.999188 1.996654
1.470000 2.004571 2.001937
1.480000 2.009458 2.006742
1.490000 2.013845 2.011066
1.500000 2.017733 2.014907
1.510000 2.021119 2.018263
1.520000 2.024002 2.021133
1.530000 2.026380 2.023515
1.540000 2.028253 2.025408
1.550000 2.029620 2.026809
1.560000 2.030480 2.027718
1.570000 2.030832 2.028133
1.580000 2.030677 2.028054
1.590000 2.030015 2.027480
1.600000 2.028844 2.026410
1.610000 2.027166 2.024843
1.620000 2.024981 2.022780
1.630000 2.022290 2.020220
1.640000 2.019093 2.017162
1.650000 2.015391 2.013607
1.660000 2.011186 2.009556
1.670000 2.006479 2.005008
1.680000 2.001270 1.999965
1.690000 1.995563 1.994426
1.700000 1.989358 1.988394
1.710000 1.982657 1.981868
1.720000 1.975464 1.974851
1.730000 1.967779 1.967343
1.740000 1.959606 1.959346
1.750000 1.950947 1.950863
1.760000 1.941805 1.941895
1.770000 1.932183 1.932444
1.780000 1.922084 1.922512
1.790000 1.911511 1.912102
1.800000 1.900468 1.901218
1.810000 1.888959 1.889860
1.820000 1.876986 1.878034
1.830000 1.864555 1.865741
1.840000 1.851669 1.852986
1.850000 1.838332 1.839772
1.860000 1.824549 1.826103
1.870000 1.810324 1.811983
1.880000 1.795663 1.797416
1.890000 1.780569 1.782407
1.900000 1.765048 1.766960
1.910000 1.749105 1.751081
1.920000 1.732745 1.734774
1.930000 1.715975 1.718045
1.940000 1.698798 1.700899
1.950000 1.681221 1.683342
1.960000 1.663251 1.665380
1.970000 1.644892 1.647018
1.980000 1.626151 1.628263
1.990000 1.607035 1.609121
2.000000 1.587549 1.589599
2.010000 1.567700 1.569703
2.020000 1.547495 1.549441
2.030000 1.526940 1.528818
2.040000 1.506043 1.507844
2.050000 1.484810 1.486523
2.060000 1.463248 1.464865
2.070000 1.441364 1.442877
2.080000 1.419166 1.420565
2.090000 1.396661 1.397939
2.100000 1.373857 1.375006
2.110000 1.350760 1.351774
2.120000 1.327380 1.328252
2.130000 1.303722 1.304446
2.140000 1.279796 1.280367
2.150000 1.255609 1.256022
2.160000 1.231168 1.231419
2.170000 1.206483 1.206569
2.180000 1.181562 1.181478
2.190000 1.156411 1.156156
2.200000 1.131040 1.130613
2.210000 1.105457 1.104856
2.220000 1.079671 1.078895
2.230000 1.053689 1.052739
2.240000 1.027521 1.026398
2.250000 1.001175 0.999879
2.260000 0.974659 0.973193
2.270000 0.947982 0.946349
2.280000 0.921153 0.919356
2.290000 0.894181 0.892224
2.300000 0.867074 0.864962
2.310000 0.839841 0.837578
2.320000 0.812492 0.810084
2.330000 0.785034 0.782488
2.340000 0.757478 0.754800
2.350000 0.729831 0.727029
2.360000 0.702103 0.699185
2.370000 0.674303 0.671276
2.380000 0.646439 0.643314
2.390000 0.618522 0.615307
2.400000 0.590559 0.587264
2.410000 0.562561 0.559196
2.420000 0.534535 0.531111
2.430000 0.506492 0.503018
2.440000 0.478439 0.474929
2.450000 0.450387 0.446850
2.460000 0.422344 0.418793
2.470000 0.394319 0.390766
2.480000 0.366322 0.362778
2.490000 0.338361 0.334838
2.500000 0.310445 0.306957
2.510000 0.282584 0.279141
2.520000 0.254786 0.251402
2.530000 0.227060 0.223746
2.540000 0.199416 0.196184
2.550000 0.171862 0.168724
2.560000 0.144406 0.141375
2.570000 0.117059 0.114145
2.580000 0.089827 0.087043
2.590000 0.062722 0.060077
2.600000 0.035750 0.033255
2.610000 0.008920 0.006586
2.620000 -0.017758 -0.019922
2.630000 -0.044276 -0.046261
2.640000 -0.070627 -0.072424
2.650000 -0.096801 -0.098401
2.660000 -0.122790 -0.124186
2.670000 -0.148586 -0.149770
2.680000 -0.174180 -0.175147
2.690000 -0.199566 -0.200309
2.700000 -0.224734 -0.225248
2.710000 -0.249677 -0.249957
2.720000 -0.274388 -0.274428
2.730000 -0.298857 -0.298656
2.740000 -0.323078 -0.322633
2.750000 -0.347044 -0.346352
2.760000 -0.370746 -0.369806
2.770000 -0.394177 -0.392989
2.780000 -0.417331 -0.415895
2.790000 -0.440200 -0.438516
2.800000 -0.462778 -0.460848
2.810000 -0.485057 -0.482883
2.820000 -0.507031 -0.504617
2.830000 -0.528693 -0.526042
2.840000 -0.550037 -0.547153
2.850000 -0.571057 -0.567946
2.860000 -0.591746 -0.588414
2.870000 -0.612098 -0.608551
2.880000 -0.632108 -0.628354
2.890000 -0.651771 -0.647817
2.900000 -0.671079 -0.666935
2.910000 -0.690029 -0.685703
2.920000 -0.708615 -0.704117
2.930000 -0.726831 -0.722172
2.940000 -0.744674 -0.739865
2.950000 -0.762138 -0.757191
2.960000 -0.779218 -0.774146
2.970000 -0.795912 -0.790726
2.980000 -0.812214 -0.806928
2.990000 -0.828120 -0.822748
3.000000 -0.843627 -0.838183
3.010000 -0.858732 -0.853230
3.020000 -0.873430 -0.867886
3.030000 -0.887719 -0.882148
3.040000 -0.901596 -0.896013
3.050000 -0.915058 -0.909479
3.060000 -0.928103 -0.922544
3.070000 -0.940728 -0.935206
3.080000 -0.952931 -0.947462
3.090000 -0.964711 -0.959311
3.100000 -0.976066 -0.970752
3.110000 -0.986995 -0.981783
3.120000 -0.997496 -0.992402
3.130000 -1.007568 -1.002610
3.140000 -1.017212 -1.012404
3.150000 -1.026426 -1.021785
3.160000 -1.035211 -1.030752
3.170000 -1.043566 -1.039305
3.180000 -1.051492 -1.047444
3.190000 -1.058990 -1.055169
3.200000 -1.066060 -1.062480
3.210000 -1.072703 -1.069378
3.220000 -1.078922 -1.075863
3.230000 -1.084716 -1.081937
3.240000 -1.090089 -1.087601
3.250000 -1.095041 -1.092855
3.260000 -1.099576 -1.097702
3.270000 -1.103695 -1.102142
3.280000 -1.107401 -1.106178
3.290000 -1.110697 -1.109811
3.300000 -1.113586 -1.113044
3.310000 -1.116070 -1.115878
3.320000 -1.118154 -1.118317
3.330000 -1.119839 -1.120362
3.340000 -1.121131 -1.122016
3.350000 -1.122033 -1.123283
3.360000 -1.122549 -1.124164
3.370000 -1.122682 -1.124664
3.380000 -1.122438 -1.124785
3.390000 -1.121821 -1.124531
3.400000 -1.120834 -1.123905
3.410000 -1.119483 -1.122911
3.420000 -1.117773 -1.121552
3.430000 -1.115708 -1.119834
3.440000 -1.113293 -1.117758
3.450000 -1.110534 -1.115331
3.460000 -1.107435 -1.112556
3.470000 -1.104003 -1.109437
3.480000 -1.100243 -1.105979
3.490000 -1.096159 -1.102186
3.500000 -1.091758 -1.098063
3.510000 -1.087046 -1.093616
3.520000 -1.082028 -1.088848
3.530000 -1.076710 -1.083765
3.540000 -1.071098 -1.078373
3.550000 -1.065198 -1.072675
3.560000 -1.059016 -1.066678
3.570000 -1.052558 -1.060386
3.580000 -1.045831 -1.053806
3.590000 -1.038841 -1.046943
3.600000 -1.031593 -1.039802
3.610000 -1.024094 -1.032389
3.620000 -1.016351 -1.024711
3.630000 -1.008369 -1.016772
3.640000 -1.000156 -1.008578
3.650000 -0.991717 -1.000137
3.660000 -0.983059 -0.991453
3.670000 -0.974188 -0.982533
3.680000 -0.965111 -0.973383
3.690000 -0.955834 -0.964010
3.700000 -0.946364 -0.954419
3.710000 -0.936706 -0.944616
3.720000 -0.926868 -0.934610
3.730000 -0.916855 -0.924405
3.740000 -0.906674 -0.914008
3.750000 -0.896331 -0.903425
3.760000 -0.885833 -0.892665
3.770000 -0.875185 -0.881732
3.780000 -0.864393 -0.870633
3.790000 -0.853465 -0.859376
3.800000 -0.842405 -0.847966
3.810000 -0.831220 -0.836412
3.820000 -0.819916 -0.824718
3.830000 -0.808499 -0.812893
3.840000 -0.796974 -0.800942
3.850000 -0.785348 -0.788873
3.860000 -0.773625 -0.776692
3.870000 -0.761813 -0.764407
3.880000 -0.749916 -0.752024
3.890000 -0.737940 -0.739550
3.900000 -0.725891 -0.726992
3.910000 -0.713774 -0.714356
3.920000 -0.701595 -0.701650
3.930000 -0.689359 -0.688880
3.940000 -0.677072 -0.676054
3.950000 -0.664740 -0.663177
3.960000 -0.652367 -0.650257
3.970000 -0.639958 -0.637301
3.980000 -0.627520 -0.624316
3.990000 -0.615058 -0.611308
4.000000 -0.602577 -0.598284
4.010000 -0.590081 -0.585251
4.020000 -0.577577 -0.572215
4.030000 -0.565069 -0.559184
4.040000 -0.552563 -0.546163
4.050000 -0.540064 -0.533160
4.060000 -0.527577 -0.520182
4.070000 -0.515106 -0.507234
4.080000 -0.502658 -0.494324
4.090000 -0.490237 -0.481457
4.100000 -0.477848 -0.468641
4.110000 -0.465496 -0.455882
4.120000 -0.453187 -0.443185
4.130000 -0.440925 -0.430559
4.140000 -0.428715 -0.418008
4.150000 -0.416562 -0.405539
4.160000 -0.404472 -0.393158
4.170000 -0.392449 -0.380872
4.180000 -0.380497 -0.368686
4.190000 -0.368623 -0.356607
4.200000 -0.356831 -0.344640
4.210000 -0.345126 -0.332791
4.220000 -0.333513 -0.321066
4.230000 -0.321997 -0.309471
4.240000 -0.310582 -0.298011
4.250000 -0.299274 -0.286692
4.260000 -0.288078 -0.275520
4.270000 -0.276998 -0.264500
4.280000 -0.266040 -0.253637
4.290000 -0.255208 -0.242937
4.300000 -0.244507 -0.232404
4.310000 -0.233943 -0.222045
4.320000 -0.223520 -0.211863
4.330000 -0.213244 -0.201863
4.340000 -0.203118 -0.192052
4.350000 -0.193149 -0.182432
4.360000 -0.183341 -0.173010
4.370000 -0.173700 -0.163789
4.380000 -0.164230 -0.154773
4.390000 -0.154936 -0.145968
4.400000 -0.145823 -0.137377
4.410000 -0.136897 -0.129004
4.420000 -0.128163 -0.120853
4.430000 -0.119625 -0.112929
4.440000 -0.111290 -0.105234
4.450000 -0.103161 -0.097773
4.460000 -0.095244 -0.090549
4.470000 -0.087545 -0.083565
4.480000 -0.080067 -0.076825
4.490000 -0.072817 -0.070332
4.500000 -0.065800 -0.064088
4.510000 -0.059019 -0.058097
4.520000 -0.052481 -0.052361
4.530000 -0.046190 -0.046884
4.540000 -0.040151 -0.041668
4.550000 -0.034369 -0.036714
4.560000 -0.028848 -0.032026
4.570000 -0.023592 -0.027606
4.580000 -0.018608 -0.023456
4.590000 -0.013898 -0.019578
4.600000 -0.009467 -0.015973
4.610000 -0.005320 -0.012644
4.620000 -0.001460 -0.009592
4.630000 0.002108 -0.006818
4.640000 0.005381 -0.004324
4.650000 0.008355 -0.002112
4.660000 0.011026 -0.000182
4.670000 0.013391 0.001465
4.680000 0.015447 0.002828
4.690000 0.017189 0.003906
4.700000 0.018617 0.004698
4.710000 0.019725 0.005203
4.720000 0.020513 0.005423
4.730000 0.020977 0.005355
4.740000 0.021115 0.005000
4.750000 0.020926 0.004359
4.760000 0.020407 0.003430
4.770000 0.019556 0.002215
4.780000 0.018372 0.000713
4.790000 0.016854 -0.001075
4.800000 0.015002 -0.003148
4.810000 0.012813 -0.005506
4.820000 0.010287 -0.008148
4.830000 0.007426 -0.011073
4.840000 0.004227 -0.014280
4.850000 0.000691 -0.017767
4.860000 -0.003180 -0.021533
4.870000 -0.007387 -0.025577
4.880000 -0.011927 -0.029898
4.890000 -0.016801 -0.034493
4.900000 -0.022006 -0.039360
4.910000 -0.027541 -0.044499
4.920000 -0.033403 -0.049905
4.930000 -0.039589 -0.055579
4.940000 -0.046097 -0.061516
4.950000 -0.052924 -0.067715
4.960000 -0.060066 -0.074172
4.970000 -0.067519 -0.080886
4.980000 -0.075279 -0.087853
4.990000 -0.083342 -0.095070
5.000000 -0.091703 -0.102535
5.010000 -0.100356 -0.110243
5.020000 -0.109296 -0.118192
5.030000 -0.118517 -0.126377
5.040000 -0.128012 -0.134796
5.050000 -0.137775 -0.143445
5.060000 -0.147798 -0.152319
5.070000 -0.158075 -0.161414
5.080000 -0.168597 -0.170727
5.090000 -0.179356 -0.180253
5.100000 -0.190344 -0.189988
5.110000 -0.201552 -0.199926
5.120000 -0.212972 -0.210065
5.130000 -0.224594 -0.220398
5.140000 -0.236409 -0.230921
5.150000 -0.248407 -0.241628
5.160000 -0.260579 -0.252516
5.170000 -0.272914 -0.263578
5.180000 -0.285403 -0.274809
5.190000 -0.298035 -0.286205
5.200000 -0.310800 -0.297759
5.210000 -0.323689 -0.309466
5.220000 -0.336689 -0.321320
5.230000 -0.349792 -0.333315
5.240000 -0.362985 -0.345446
5.250000 -0.376260 -0.357707
5.260000 -0.389604 -0.370091
5.270000 -0.403008 -0.382593
5.280000 -0.416462 -0.395206
5.290000 -0.429954 -0.407924
5.300000 -0.443474 -0.420742
5.310000 -0.457012 -0.433651
5.320000 -0.470558 -0.446646
5.330000 -0.484102 -0.459721
5.340000 -0.497634 -0.472868
5.350000 -0.511143 -0.486081
5.360000 -0.524622 -0.499354
5.370000 -0.538059 -0.512679
5.380000 -0.551446 -0.526049
5.390000 -0.564774 -0.539459
5.400000 -0.578035 -0.552900
5.410000 -0.591220 -0.566366
5.420000 -0.604320 -0.579849
5.430000 -0.617328 -0.593343
5.440000 -0.630237 -0.606841
5.450000 -0.643039 -0.620334
5.460000 -0.655728 -0.633817
5.470000 -0.668297 -0.647281
5.480000 -0.680740 -0.660720
5.490000 -0.693052 -0.674125
5.500000 -0.705227 -0.687491
5.510000 -0.717260 -0.700809
5.520000 -0.729148 -0.714071
5.530000 -0.740887 -0.727271
5.540000 -0.752472 -0.740401
5.550000 -0.763903 -0.753453
5.560000 -0.775176 -0.766420
5.570000 -0.786289 -0.779295
5.580000 -0.797243 -0.792069
5.590000 -0.808035 -0.804736
5.600000 -0.818667 -0.817288
5.610000 -0.829139 -0.829717
5.620000 -0.839452 -0.842015
5.630000 -0.849609 -0.854176
5.640000 -0.859613 -0.866191
5.650000 -0.869466 -0.878053
5.660000 -0.879174 -0.889754
5.670000 -0.888740 -0.901287
5.680000 -0.898171 -0.912645
5.690000 -0.907472 -0.923819
5.700000 -0.916651 -0.934803
5.710000 -0.925714 -0.945588
5.720000 -0.934668 -0.956168
5.730000 -0.943521 -0.966534
5.740000 -0.952278 -0.976681
5.750000 -0.960947 -0.986599
5.760000 -0.969535 -0.996282
5.770000 -0.978046 -1.005723
5.780000 -0.986488 -1.014914
5.790000 -0.994863 -1.023849
5.800000 -1.003175 -1.032520
5.810000 -1.011428 -1.040920
5.820000 -1.019623 -1.049042
5.830000 -1.027760 -1.056879
5.840000 -1.035838 -1.064426
5.850000 -1.043854 -1.071674
5.860000 -1.051804 -1.078617
5.870000 -1.059683 -1.085249
5.880000 -1.067481 -1.091563
5.890000 -1.075189 -1.097553
5.900000 -1.082795 -1.103213
5.910000 -1.090285 -1.108536
5.920000 -1.097641 -1.113517
5.930000 -1.104843 -1.118150
5.940000 -1.111871 -1.122429
5.950000 -1.118699 -1.126347
5.960000 -1.125299 -1.129901
5.970000 -1.131639 -1.133084
5.980000 -1.137687 -1.135891
5.990000 -1.143404 -1.138317
6.000000 -1.148749 -1.140356
6.010000 -1.153679 -1.142006
6.020000 -1.158143 -1.143259
6.030000 -1.162092 -1.144113
6.040000 -1.165467 -1.144563
6.050000 -1.168210 -1.144604
6.060000 -1.170256 -1.144232
6.070000 -1.171535 -1.143445
6.080000 -1.171975 -1.142237
6.090000 -1.171498 -1.140607
6.100000 -1.170021 -1.138549
6.110000 -1.167456 -1.136062
6.120000 -1.163711 -1.133143
6.130000 -1.158688 -1.129788
6.140000 -1.152284 -1.125996
6.150000 -1.144391 -1.121763
6.160000 -1.134894 -1.117089
6.170000 -1.123675 -1.111971
6.180000 -1.110607 -1.106407
6.190000 -1.095560 -1.100397
6.200000 -1.078396 -1.093939
6.210000 -1.058972 -1.087032
6.220000 -1.037137 -1.079676
6.230000 -1.012736 -1.071870
6.240000 -0.985605 -1.063614
6.250000 -0.955575 -1.054907
6.260000 -0.922470 -1.045752
6.270000 -0.886106 -1.036147
6.280000 -0.846293 -1.026094
