1.499225 0.095467
1.341603 0.163554
1.372431 0.157471
0.719859 0.610266
-0.553087 0.738270
-0.073411 0.967827
-1.408994 0.116212
1.331150 0.187870
-0.004169 0.974051
-0.610423 0.715191
0.641655 0.668458
-1.176563 0.250641
-0.633269 0.653075
-0.623576 0.672911
-0.204464 0.953267
0.560841 0.725639
-1.363990 0.156892
0.033096 0.983891
-0.119680 1.015290
0.594590 0.684455
-0.483814 0.788537
-0.075980 1.022676
1.441310 0.147030
0.732256 0.577394
-0.459902 0.811860
-0.003318 0.985859
-1.373091 0.137145
-0.356823 0.921863
-0.202121 0.994681
0.557330 0.725487
0.555568 0.728957
1.393378 0.096926
1.201425 0.246917
1.450968 0.148914
1.484535 0.077321
-0.163011 0.980507
-1.416615 0.157440
-0.648558 0.629026
-0.267537 0.948676
-1.255852 0.205411
0.833635 0.512830
1.442403 0.103180
-0.471476 0.827018
-1.200219 0.252283
1.382610 0.111308
-1.499252 0.135560
1.397305 0.208693
-0.115177 0.999293
1.361765 0.148603
-0.541339 0.752574
1.044381 0.340852
-0.274556 0.915112
-0.135279 0.962487
-1.146310 0.259491
-0.652410 0.637235
-0.301665 0.940908
-0.666488 0.641405
-1.144783 0.278734
0.661998 0.682719
1.366056 0.182673
1.240792 0.240040
1.359118 0.148260
1.355474 0.164512
1.370450 0.193222
0.574862 0.766455
-1.281330 0.168016
-1.493305 0.079760
-1.433205 0.133374
-0.166407 1.002315
-0.186740 0.972233
-1.101935 0.294054
1.317273 0.182700
-1.108064 0.274750
-0.354584 0.916389
-1.441486 0.163239
0.045734 0.977882
1.151896 0.275461
-1.425820 0.149093
1.499918 0.103425
0.971102 0.405329
-1.330485 0.155827
-1.389598 0.156460
-0.464754 0.799502
0.094838 0.994907
0.997087 0.357113
1.490786 0.118125
1.040579 0.320395
0.026934 1.009371
-0.055419 1.026813
-0.492453 0.771756
0.975722 0.387558
0.631486 0.701416
-1.362982 0.134901
-0.182006 0.919102
-0.668410 0.677951
-0.010559 0.997208
1.220720 0.256539
0.946654 0.394662
-1.338043 0.151746
-0.656514 0.650108
0.902140 0.415937
-1.356580 0.175759
0.885751 0.474303
0.931601 0.425509
-1.289068 0.198067
0.554686 0.730631
1.309306 0.170222
1.163471 0.249478
0.802064 0.548300
0.906933 0.437348
1.489660 0.101897
-0.312647 0.908702
1.000139 0.334308
0.800582 0.527802
1.005461 0.348638
-0.402559 0.863137
-0.671836 0.626386
-0.394960 0.839886
0.630997 0.671348
-1.256238 0.231284
1.212299 0.254172
-0.453077 0.798881
0.756949 0.557550
-0.515112 0.771635
-0.532767 0.763308
-0.421118 0.838816
-0.031776 1.015483
-0.132512 0.973559
-0.143262 0.966968
-0.547133 0.740800
1.406996 0.135538
-0.516514 0.751132
-1.202155 0.223711
1.114248 0.314945
1.459428 0.134269
0.572095 0.694369
-1.263412 0.215574
0.733061 0.569108
1.160968 0.270300
0.008532 1.019781
-1.440288 0.111072
1.462858 0.116580
0.745845 0.544119
-0.047781 0.992203
-0.510796 0.732122
1.132447 0.273597
-0.311447 0.914143
-1.173247 0.274665
0.978601 0.381638
-1.279651 0.200972
0.601645 0.683348
-1.479224 0.097866
0.705254 0.610950
0.716699 0.563958
-0.254949 0.936696
0.053635 0.994075
-0.187977 0.940565
1.111434 0.278312
-1.151167 0.252517
-0.070938 1.015619
-1.448567 0.084051
0.866416 0.479656
-1.223001 0.243480
0.638431 0.640515
1.415087 0.124278
1.453954 0.144076
-0.120178 0.961599
-0.471584 0.822973
-1.409177 0.122553
-0.688815 0.615898
1.182700 0.266000
0.086422 0.981623
1.303616 0.176094
-1.298919 0.212656
-0.495220 0.752866
-1.204222 0.193224
0.629177 0.667896
1.062730 0.360337
-0.020070 1.010924
-1.327946 0.171413
-1.343117 0.175411
0.085885 0.974194
1.346250 0.169839
1.053073 0.336211
0.888136 0.465500
-1.385231 0.170236
-0.311047 0.931528
1.386373 0.143862
1.341137 0.159678
-1.365491 0.171307
-0.304529 0.928488
-0.141585 0.959693
-0.661070 0.672178
-1.123683 0.298930
-1.137467 0.244048
0.836531 0.513938
0.612076 0.710409
0.691232 0.609104
0.926048 0.418643
1.122705 0.285808
-1.120445 0.253462
1.054186 0.385888
1.496924 0.109975
-0.556551 0.735880
-0.210249 0.903717
1.376582 0.155759
-0.368924 0.852629
-0.258822 0.946090
0.609292 0.712101
0.754745 0.566531
-0.687172 0.611197
1.211360 0.214956
-1.462769 0.124687
1.067586 0.309329
-1.437749 0.109667
0.820481 0.528408
-1.332035 0.197744
0.828390 0.472424
0.920149 0.468340
-0.016008 0.954518
-1.382245 0.143861
1.405952 0.127206
1.385998 0.124992
1.073898 0.362787
1.444676 0.112437
-0.129887 0.954967
0.559300 0.714927
-0.307506 0.918164
-1.249062 0.184888
1.092878 0.347855
-0.092398 1.013272
0.667023 0.659768
0.927695 0.451038
0.872905 0.468518
-1.472105 0.128165
1.390764 0.100172
-0.052989 1.023924
1.411626 0.118002
1.437995 0.132569
-1.456204 0.091212
0.665359 0.639281
-1.104936 0.326261
1.090905 0.275112
-0.082648 0.990601
-1.285263 0.190151
0.725163 0.611301
-1.339597 0.149242
-1.220755 0.225749
-1.199855 0.219049
1.389290 0.161972
0.030217 1.004011
-1.252905 0.213118
0.747918 0.576863
1.378554 0.172406
-1.245617 0.226724
0.956654 0.386862
0.071516 0.965625
-1.207539 0.226783
-0.626825 0.691579
1.260541 0.201868
-0.171968 0.924040
-0.279136 0.923913
-1.162505 0.274806
1.393163 0.156387
-1.307126 0.180151
-0.119166 0.976730
-0.622701 0.674625
-0.200867 0.967748
1.421544 0.126047
1.314139 0.158852
0.694339 0.634456
-0.142608 0.966832
-0.502334 0.807515
-1.382590 0.161211
-0.177082 0.949284
-0.037734 1.014909
1.336787 0.171988
-0.691530 0.646623
-1.241976 0.221582
0.984869 0.374757
1.055437 0.336707
-0.002613 1.013470
-0.447182 0.822015
1.419458 0.136268
-1.159233 0.252580
-0.609289 0.713166
-0.113876 0.986969
-1.160914 0.256561
0.720668 0.601908
-1.225042 0.248778
0.038361 1.014898
-1.496710 0.095363
-0.174279 0.936929
-0.246948 0.929734
1.210738 0.250374
1.215098 0.214610
0.558807 0.755698
0.689820 0.602643
1.044929 0.336389
-1.172538 0.282159
1.492885 0.090001
-0.200091 0.956608
-0.160236 1.024328
-0.446874 0.825612
1.056413 0.341648
-0.063342 0.999706
-0.491208 0.771189
-0.447251 0.811578
-0.155224 0.975557
1.134387 0.283281
-0.462943 0.793942
0.839174 0.483488
-0.486523 0.768562
0.777391 0.539733
-0.530026 0.767470
-1.345292 0.170109
-1.445331 0.125991
-1.479027 0.107042
1.191806 0.240698
0.837666 0.497066
-1.417809 0.137400
-0.297042 0.899978
-1.275536 0.176950
-0.187581 0.974467
-0.609608 0.666971
1.407231 0.151821
-1.204661 0.245516
0.893815 0.475462
0.751018 0.525031
-0.611963 0.647561
1.407194 0.140550
0.966058 0.365106
0.802841 0.499076
-1.174649 0.193349
1.316792 0.189869
1.038052 0.320459
1.045973 0.320102
0.703888 0.601853
-1.206340 0.240369
0.654611 0.662015
-1.213141 0.236527
0.646968 0.646696
-0.172828 0.962317
-0.589871 0.691124
-0.041565 1.000633
1.072804 0.298496
-0.094999 1.018647
0.889280 0.473320
1.114765 0.318992
-0.414997 0.880783
0.007023 0.998508
0.846782 0.462883
-1.331361 0.182398
-1.291744 0.168580
0.848771 0.488883
0.569358 0.722245
0.647664 0.636663
-0.371511 0.851825
0.587337 0.711108
-0.678549 0.620190
-1.383456 0.174863
1.157013 0.257335
-1.454681 0.099763
1.452976 0.126988
-1.305038 0.178370
-0.128514 0.956657
-0.300082 0.894498
-1.413236 0.124170
-1.366500 0.157885
0.060720 0.987942
0.971945 0.392474
-0.442298 0.832090
-1.194541 0.243092
1.018874 0.345812
-0.055960 1.007450
0.663712 0.661721
-1.470363 0.145668
-0.135021 0.981790
1.159212 0.232762
0.904703 0.444016
0.845162 0.520271
-0.401956 0.859986
-1.292120 0.191786
-1.314151 0.183875
-0.077590 1.018706
1.409841 0.136425
-1.221805 0.206831
-0.133777 0.987477
-0.488601 0.783228
-0.692312 0.625379
-0.392750 0.876658
1.158963 0.247947
-1.457930 0.132844
-1.134417 0.295223
0.647524 0.660410
0.909919 0.436500
-0.286771 0.876968
-0.586541 0.722216
-0.602296 0.677831
0.723332 0.588940
0.645063 0.651872
1.271450 0.182577
0.949358 0.398820
1.290234 0.203051
-1.323000 0.204852
-0.573069 0.752763
1.325138 0.174732
0.938484 0.442465
0.000700 0.963253
-0.302743 0.935016
-1.480889 0.116498
0.806326 0.523237
0.660762 0.633629
0.586932 0.734509
-1.389391 0.179948
-0.656140 0.648169
-0.248161 0.945391
0.925082 0.445863
0.725023 0.600519
1.272123 0.199951
-0.690867 0.627120
1.458394 0.151287
-0.062006 0.982998
-1.482797 0.126799
0.970844 0.367357
0.595745 0.691735
0.618244 0.680246
0.927173 0.429729
-1.124625 0.236151
0.062378 1.001172
1.272806 0.235208
-1.116830 0.253430
0.618649 0.664631
1.300034 0.174711
-1.112015 0.284938
0.687257 0.598460
-0.383400 0.862670
0.649315 0.651533
-1.434661 0.101589
-0.614937 0.710917
0.037502 0.977462
-0.667575 0.635153
-1.392791 0.137897
-1.321341 0.196475
-0.444358 0.809183
0.802169 0.529135
-0.258388 0.933711
0.806764 0.496598
-0.138345 0.972606
0.582325 0.740927
-1.197890 0.228511
-1.316593 0.194476
-0.655445 0.675624
-0.689209 0.639117
-1.386950 0.147421
-0.206730 0.985214
-0.295071 0.934405
0.988646 0.362982
-0.290172 0.909817
0.760610 0.537474
-0.336774 0.898547
-0.202089 0.971856
-0.258572 0.917119
-1.113299 0.286143
0.898462 0.454679
-1.448087 0.137674
0.860643 0.415748
-1.266471 0.183955
0.981615 0.381241
0.770179 0.605397
1.072226 0.306717
0.932482 0.400964
0.607839 0.705142
1.283478 0.202246
-0.137482 0.998447
1.265033 0.211434
-0.394665 0.869871
0.630383 0.681068
-0.077143 0.984985
1.421957 0.121258
-0.135924 0.976392
-0.493768 0.792673
0.097854 0.983410
0.815570 0.519403
-0.616525 0.708565
0.969284 0.389231
-1.197098 0.231992
-0.463041 0.786452
0.810735 0.553912
-0.323934 0.916760
-1.491207 0.103098
1.414579 0.179261
0.627856 0.674526
-0.469068 0.807483
-0.060821 0.993364
1.480124 0.106455
0.816264 0.482737
-0.238509 0.943289
1.158513 0.282375
0.617153 0.700341


-1.500000 1.053992e-01 1.086464e-01 1.020917e-02 1.067572e-01 9.226980e-03
-1.490000 1.085982e-01 1.096467e-01 6.907460e-03 1.087386e-01 6.565034e-03
-1.480000 1.118720e-01 1.114220e-01 5.071400e-03 1.112458e-01 5.032025e-03
-1.470000 1.152214e-01 1.138890e-01 4.530303e-03 1.142242e-01 4.445116e-03
-1.460000 1.186473e-01 1.169647e-01 4.625320e-03 1.176187e-01 4.363171e-03
-1.450000 1.221507e-01 1.205658e-01 4.764859e-03 1.213745e-01 4.382031e-03
-1.440000 1.257323e-01 1.246092e-01 4.724171e-03 1.254368e-01 4.318457e-03
-1.430000 1.293931e-01 1.290117e-01 4.497532e-03 1.297506e-01 4.149756e-03
-1.420000 1.331339e-01 1.336901e-01 4.178204e-03 1.342611e-01 3.934049e-03
-1.410000 1.369554e-01 1.385613e-01 3.901751e-03 1.389134e-01 3.760065e-03
-1.400000 1.408584e-01 1.435421e-01 3.789540e-03 1.436526e-01 3.701145e-03
-1.390000 1.448437e-01 1.485494e-01 3.873419e-03 1.484239e-01 3.769795e-03
-1.380000 1.489120e-01 1.534999e-01 4.066094e-03 1.531723e-01 3.904754e-03
-1.370000 1.530639e-01 1.583128e-01 4.218941e-03 1.578444e-01 4.004239e-03
-1.360000 1.573001e-01 1.629591e-01 4.240186e-03 1.624203e-01 4.004206e-03
-1.350000 1.616212e-01 1.674619e-01 4.134766e-03 1.669134e-01 3.909706e-03
-1.340000 1.660278e-01 1.718465e-01 3.947336e-03 1.713385e-01 3.755269e-03
-1.330000 1.705205e-01 1.761381e-01 3.743802e-03 1.757105e-01 3.590852e-03
-1.320000 1.750997e-01 1.803621e-01 3.597679e-03 1.800443e-01 3.470911e-03
-1.310000 1.797659e-01 1.845437e-01 3.568392e-03 1.843547e-01 3.439122e-03
-1.300000 1.845195e-01 1.887083e-01 3.674592e-03 1.886566e-01 3.511069e-03
-1.290000 1.893610e-01 1.928812e-01 3.884063e-03 1.929649e-01 3.666796e-03
-1.280000 1.942907e-01 1.970877e-01 4.130862e-03 1.972944e-01 3.860073e-03
-1.270000 1.993088e-01 2.013529e-01 4.340938e-03 2.016601e-01 4.035277e-03
-1.260000 2.044156e-01 2.057024e-01 4.448908e-03 2.060767e-01 4.140763e-03
-1.250000 2.096114e-01 2.101613e-01 4.407727e-03 2.105592e-01 4.137593e-03
-1.240000 2.148962e-01 2.147497e-01 4.214682e-03 2.151209e-01 4.018853e-03
-1.230000 2.202703e-01 2.194664e-01 3.958730e-03 2.197691e-01 3.842805e-03
-1.220000 2.257335e-01 2.243049e-01 3.761233e-03 2.245094e-01 3.688299e-03
-1.210000 2.312861e-01 2.292589e-01 3.726237e-03 2.293477e-01 3.624244e-03
-1.200000 2.369278e-01 2.343218e-01 3.887400e-03 2.342896e-01 3.683382e-03
-1.190000 2.426585e-01 2.394872e-01 4.187992e-03 2.393409e-01 3.847325e-03
-1.180000 2.484782e-01 2.447488e-01 4.521060e-03 2.445072e-01 4.059247e-03
-1.170000 2.543866e-01 2.500999e-01 4.780007e-03 2.497944e-01 4.252459e-03
-1.160000 2.603834e-01 2.555343e-01 4.887093e-03 2.552081e-01 4.375870e-03
-1.150000 2.664683e-01 2.610454e-01 4.816127e-03 2.607541e-01 4.416132e-03
-1.140000 2.726408e-01 2.666268e-01 4.640233e-03 2.664382e-01 4.428765e-03
-1.130000 2.789006e-01 2.722720e-01 4.629752e-03 2.722659e-01 4.582698e-03
-1.120000 2.852469e-01 2.779847e-01 5.294961e-03 2.782430e-01 5.168200e-03
-1.110000 2.916794e-01 2.839996e-01 7.003096e-03 2.843721e-01 6.435708e-03
-1.100000 2.981973e-01 2.907825e-01 9.652120e-03 2.906530e-01 8.379262e-03
-1.090000 3.047998e-01 2.988094e-01 1.312039e-02 2.970856e-01 1.084395e-02
-1.080000 3.114863e-01 3.085561e-01 1.753690e-02 3.036693e-01 1.367210e-02
-1.070000 3.182557e-01 3.204986e-01 2.327759e-02 3.104040e-01 1.673627e-02
-1.060000 3.251073e-01 3.351128e-01 3.088599e-02 3.172894e-01 1.993373e-02
-1.050000 3.320399e-01 3.528745e-01 4.097504e-02 3.243250e-01 2.317912e-02
-1.040000 3.390526e-01 3.742597e-01 5.415151e-02 3.315107e-01 2.640098e-02
-1.030000 3.461441e-01 3.997443e-01 7.098359e-02 3.388461e-01 2.954104e-02
-1.020000 3.533133e-01 4.298043e-01 9.200009e-02 3.463309e-01 3.255561e-02
-1.010000 3.605589e-01 4.649154e-01 1.177015e-01 3.539647e-01 3.541856e-02
-1.000000 3.678794e-01 5.055536e-01 1.485710e-01 3.617474e-01 3.812576e-02
-0.990000 3.752736e-01 5.518774e-01 1.847964e-01 3.696758e-01 4.070762e-02
-0.980000 3.827398e-01 6.027749e-01 2.253837e-01 3.777358e-01 4.323397e-02
-0.970000 3.902764e-01 6.568169e-01 2.689895e-01 3.859107e-01 4.575639e-02
-0.960000 3.978819e-01 7.125741e-01 3.142432e-01 3.941835e-01 4.829191e-02
-0.950000 4.055545e-01 7.686173e-01 3.597672e-01 4.025376e-01 5.082255e-02
-0.940000 4.132924e-01 8.235173e-01 4.041842e-01 4.109559e-01 5.329848e-02
-0.930000 4.210937e-01 8.758447e-01 4.461188e-01 4.194218e-01 5.564324e-02
-0.920000 4.289564e-01 9.241703e-01 4.841985e-01 4.279184e-01 5.775975e-02
-0.910000 4.368786e-01 9.670648e-01 5.170527e-01 4.364289e-01 5.953603e-02
-0.900000 4.448581e-01 1.003099e+00 5.433127e-01 4.449363e-01 6.085014e-02
-0.890000 4.528927e-01 1.030844e+00 5.616112e-01 4.534240e-01 6.157422e-02
-0.880000 4.609803e-01 1.048869e+00 5.705825e-01 4.618751e-01 6.157776e-02
-0.870000 4.691184e-01 1.055808e+00 5.689192e-01 4.702734e-01 6.073526e-02
-0.860000 4.773048e-01 1.051678e+00 5.566390e-01 4.786176e-01 5.903264e-02
-0.850000 4.855369e-01 1.037889e+00 5.350851e-01 4.869215e-01 5.657332e-02
-0.840000 4.938122e-01 1.015911e+00 5.056603e-01 4.951994e-01 5.347480e-02
-0.830000 5.021281e-01 9.872124e-01 4.697688e-01 5.034655e-01 4.986109e-02
-0.820000 5.104819e-01 9.532624e-01 4.288160e-01 5.117344e-01 4.586075e-02
-0.810000 5.188710e-01 9.155305e-01 3.842078e-01 5.200202e-01 4.160556e-02
-0.800000 5.272924e-01 8.754858e-01 3.373510e-01 5.283374e-01 3.722927e-02
-0.790000 5.357434e-01 8.345975e-01 2.896531e-01 5.367002e-01 3.286601e-02
-0.780000 5.442209e-01 7.943348e-01 2.425222e-01 5.451230e-01 2.864742e-02
-0.770000 5.527221e-01 7.561671e-01 1.973674e-01 5.536201e-01 2.469729e-02
-0.760000 5.612437e-01 7.215634e-01 1.555980e-01 5.622060e-01 2.112173e-02
-0.750000 5.697828e-01 6.919931e-01 1.186217e-01 5.708948e-01 1.799310e-02
-0.740000 5.783362e-01 6.685843e-01 8.751967e-02 5.796939e-01 1.531952e-02
-0.730000 5.869005e-01 6.511012e-01 6.209110e-02 5.885822e-01 1.302666e-02
-0.720000 5.954725e-01 6.389667e-01 4.182647e-02 5.975318e-01 1.103545e-02
-0.710000 6.040490e-01 6.316041e-01 2.624564e-02 6.065145e-01 9.285039e-03
-0.700000 6.126264e-01 6.284365e-01 1.495801e-02 6.155023e-01 7.738849e-03
-0.690000 6.212014e-01 6.288868e-01 7.883422e-03 6.244671e-01 6.390295e-03
-0.680000 6.297704e-01 6.323782e-01 5.424544e-03 6.333808e-01 5.268505e-03
-0.670000 6.383299e-01 6.383338e-01 5.809421e-03 6.422154e-01 4.438857e-03
-0.660000 6.468764e-01 6.461768e-01 6.095596e-03 6.509428e-01 3.976778e-03
-0.650000 6.554063e-01 6.553300e-01 5.680583e-03 6.595349e-01 3.893335e-03
-0.640000 6.639158e-01 6.652168e-01 4.968251e-03 6.679637e-01 4.080943e-03
-0.630000 6.724013e-01 6.752601e-01 4.584801e-03 6.762011e-01 4.369662e-03
-0.620000 6.808590e-01 6.848970e-01 4.760697e-03 6.842204e-01 4.610454e-03
-0.610000 6.892853e-01 6.938841e-01 5.130602e-03 6.920278e-01 4.728970e-03
-0.600000 6.976763e-01 7.022977e-01 5.408768e-03 6.996619e-01 4.722275e-03
-0.590000 7.060283e-01 7.102281e-01 5.503429e-03 7.071629e-01 4.614764e-03
-0.580000 7.143373e-01 7.177654e-01 5.414923e-03 7.145711e-01 4.444602e-03
-0.570000 7.225996e-01 7.249999e-01 5.185602e-03 7.219266e-01 4.256749e-03
-0.560000 7.308113e-01 7.320218e-01 4.879311e-03 7.292696e-01 4.096077e-03
-0.550000 7.389685e-01 7.389213e-01 4.569998e-03 7.366402e-01 3.998004e-03
-0.540000 7.470673e-01 7.457886e-01 4.328126e-03 7.440788e-01 3.977959e-03
-0.530000 7.551038e-01 7.527139e-01 4.199813e-03 7.516253e-01 4.025414e-03
-0.520000 7.630742e-01 7.597875e-01 4.186020e-03 7.593201e-01 4.107285e-03
-0.510000 7.709745e-01 7.670996e-01 4.239631e-03 7.672033e-01 4.178456e-03
-0.500000 7.788008e-01 7.747403e-01 4.285308e-03 7.753151e-01 4.193289e-03
-0.490000 7.865492e-01 7.827715e-01 4.256211e-03 7.836784e-01 4.122688e-03
-0.480000 7.942159e-01 7.911414e-01 4.146059e-03 7.922467e-01 3.983492e-03
-0.470000 8.017969e-01 7.997697e-01 3.985975e-03 8.009565e-01 3.815808e-03
-0.460000 8.092883e-01 8.085761e-01 3.825386e-03 8.097439e-01 3.669615e-03
-0.450000 8.166865e-01 8.174805e-01 3.721315e-03 8.185454e-01 3.595398e-03
-0.440000 8.239874e-01 8.264025e-01 3.722370e-03 8.272972e-01 3.629377e-03
-0.430000 8.311874e-01 8.352618e-01 3.849472e-03 8.359357e-01 3.779030e-03
-0.420000 8.382826e-01 8.439783e-01 4.086311e-03 8.443971e-01 4.020364e-03
-0.410000 8.452693e-01 8.524718e-01 4.387744e-03 8.526179e-01 4.308830e-03
-0.400000 8.521438e-01 8.606618e-01 4.696617e-03 8.605342e-01 4.593362e-03
-0.390000 8.589024e-01 8.684683e-01 4.956282e-03 8.680824e-01 4.825280e-03
-0.380000 8.655415e-01 8.758109e-01 5.116301e-03 8.751989e-01 4.962005e-03
-0.370000 8.720574e-01 8.826121e-01 5.136013e-03 8.818223e-01 4.969830e-03
-0.360000 8.784467e-01 8.888588e-01 5.012286e-03 8.879452e-01 4.848327e-03
-0.350000 8.847059e-01 8.946017e-01 4.780022e-03 8.936146e-01 4.630448e-03
-0.340000 8.908315e-01 8.998946e-01 4.484652e-03 8.988794e-01 4.358149e-03
-0.330000 8.968201e-01 9.047912e-01 4.179245e-03 9.037888e-01 4.079660e-03
-0.320000 9.026684e-01 9.093450e-01 3.920903e-03 9.083920e-01 3.845884e-03
-0.310000 9.083732e-01 9.136098e-01 3.761186e-03 9.127381e-01 3.701757e-03
-0.300000 9.139312e-01 9.176393e-01 3.729667e-03 9.168761e-01 3.672428e-03
-0.290000 9.193393e-01 9.214871e-01 3.819888e-03 9.208552e-01 3.752008e-03
-0.280000 9.245945e-01 9.252069e-01 3.991274e-03 9.247245e-01 3.905246e-03
-0.270000 9.296938e-01 9.288524e-01 4.185500e-03 9.285331e-01 4.080868e-03
-0.260000 9.346343e-01 9.324772e-01 4.342955e-03 9.323302e-01 4.225485e-03
-0.250000 9.394131e-01 9.361351e-01 4.411826e-03 9.361649e-01 4.291780e-03
-0.240000 9.440275e-01 9.398677e-01 4.360603e-03 9.400741e-01 4.249885e-03
-0.230000 9.484749e-01 9.436692e-01 4.205155e-03 9.440461e-01 4.111781e-03
-0.220000 9.527526e-01 9.475216e-01 3.981746e-03 9.480573e-01 3.907696e-03
-0.210000 9.568583e-01 9.514071e-01 3.734993e-03 9.520838e-01 3.675499e-03
-0.200000 9.607894e-01 9.553077e-01 3.513736e-03 9.561018e-01 3.457545e-03
-0.190000 9.645438e-01 9.592057e-01 3.363081e-03 9.600874e-01 3.294989e-03
-0.180000 9.681193e-01 9.630831e-01 3.311312e-03 9.640170e-01 3.217762e-03
-0.170000 9.715136e-01 9.669221e-01 3.357764e-03 9.678667e-01 3.233371e-03
-0.160000 9.747249e-01 9.707047e-01 3.472382e-03 9.716126e-01 3.322920e-03
-0.150000 9.777512e-01 9.744131e-01 3.608157e-03 9.752311e-01 3.448575e-03
-0.140000 9.805908e-01 9.780294e-01 3.716236e-03 9.786983e-01 3.566258e-03
-0.130000 9.832420e-01 9.815358e-01 3.756706e-03 9.819903e-01 3.635919e-03
-0.120000 9.857032e-01 9.849137e-01 3.707988e-03 9.850837e-01 3.629208e-03
-0.110000 9.879729e-01 9.881318e-01 3.596745e-03 9.879576e-01 3.552720e-03
-0.100000 9.900498e-01 9.911456e-01 3.490662e-03 9.905947e-01 3.446176e-03
-0.090000 9.919327e-01 9.939100e-01 3.458079e-03 9.929774e-01 3.356958e-03
-0.080000 9.936204e-01 9.963801e-01 3.543044e-03 9.950885e-01 3.329153e-03
-0.070000 9.951120e-01 9.985107e-01 3.745672e-03 9.969105e-01 3.390222e-03
-0.060000 9.964065e-01 1.000257e+00 4.024731e-03 9.984259e-01 3.540791e-03
-0.050000 9.975031e-01 1.001574e+00 4.318565e-03 9.996175e-01 3.755659e-03
-0.040000 9.984013e-01 1.002416e+00 4.565292e-03 1.000468e+00 3.994661e-03
-0.030000 9.991004e-01 1.002739e+00 4.714871e-03 1.000959e+00 4.214589e-03
-0.020000 9.996001e-01 1.002497e+00 4.738349e-03 1.001075e+00 4.377214e-03
-0.010000 9.999000e-01 1.001646e+00 4.643261e-03 1.000797e+00 4.454576e-03
0.000000 1.000000e+00 1.000140e+00 4.505897e-03 1.000108e+00 4.435166e-03
0.010000 9.999000e-01 9.979812e-01 4.519156e-03 9.990004e-01 4.341088e-03
0.020000 9.996001e-01 9.953573e-01 4.874466e-03 9.975084e-01 4.246950e-03
0.030000 9.991004e-01 9.925031e-01 5.503146e-03 9.956748e-01 4.236328e-03
0.040000 9.984013e-01 9.896531e-01 6.150906e-03 9.935433e-01 4.372997e-03
0.050000 9.975031e-01 9.870420e-01 6.564721e-03 9.911571e-01 4.685258e-03
0.060000 9.964065e-01 9.849043e-01 6.607715e-03 9.885597e-01 5.171454e-03
0.070000 9.951120e-01 9.834747e-01 6.415220e-03 9.857946e-01 5.824828e-03
0.080000 9.936204e-01 9.829877e-01 6.740129e-03 9.829051e-01 6.658947e-03
0.090000 9.919327e-01 9.836781e-01 8.935651e-03 9.799347e-01 7.721178e-03
0.100000 9.900498e-01 9.857804e-01 1.369747e-02 9.769268e-01 9.092656e-03
0.110000 9.879729e-01 9.895292e-01 2.095824e-02 9.739249e-01 1.087768e-02
0.120000 9.857032e-01 9.951591e-01 3.067562e-02 9.709723e-01 1.318839e-02
0.130000 9.832420e-01 1.002883e+00 4.293178e-02 9.681109e-01 1.612968e-02
0.140000 9.805908e-01 1.012424e+00 5.751715e-02 9.653441e-01 1.973024e-02
0.150000 9.777512e-01 1.023011e+00 7.387890e-02 9.626373e-01 2.390980e-02
0.160000 9.747249e-01 1.033854e+00 9.147019e-02 9.599541e-01 2.854734e-02
0.170000 9.715136e-01 1.044161e+00 1.097818e-01 9.572582e-01 3.350868e-02
0.180000 9.681193e-01 1.053142e+00 1.283545e-01 9.545132e-01 3.865821e-02
0.190000 9.645438e-01 1.060005e+00 1.467946e-01 9.516827e-01 4.386338e-02
0.200000 9.607894e-01 1.063960e+00 1.647943e-01 9.487304e-01 4.899653e-02
0.210000 9.568583e-01 1.064215e+00 1.821590e-01 9.456200e-01 5.393587e-02
0.220000 9.527526e-01 1.059980e+00 1.988434e-01 9.423151e-01 5.856661e-02
0.230000 9.484749e-01 1.050463e+00 2.149962e-01 9.387793e-01 6.278260e-02
0.240000 9.440275e-01 1.034874e+00 2.310123e-01 9.349763e-01 6.648885e-02
0.250000 9.394131e-01 1.012422e+00 2.475855e-01 9.308697e-01 6.960530e-02
0.260000 9.346343e-01 9.826721e-01 2.657235e-01 9.264335e-01 7.209688e-02
0.270000 9.296938e-01 9.466192e-01 2.863846e-01 9.216829e-01 7.404086e-02
0.280000 9.245945e-01 9.056147e-01 3.099721e-01 9.166434e-01 7.553134e-02
0.290000 9.193393e-01 8.610101e-01 3.362787e-01 9.113405e-01 7.664676e-02
0.300000 9.139312e-01 8.141567e-01 3.645908e-01 9.057998e-01 7.744561e-02
0.310000 9.083732e-01 7.664059e-01 3.938408e-01 9.000467e-01 7.796331e-02
0.320000 9.026684e-01 7.191092e-01 4.227471e-01 8.941069e-01 7.821030e-02
0.330000 8.968201e-01 6.736181e-01 4.499178e-01 8.880057e-01 7.817160e-02
0.340000 8.908315e-01 6.312838e-01 4.739155e-01 8.817687e-01 7.780768e-02
0.350000 8.847059e-01 5.934579e-01 4.932931e-01 8.754215e-01 7.705660e-02
0.360000 8.784467e-01 5.614917e-01 5.066126e-01 8.689895e-01 7.583725e-02
0.370000 8.720574e-01 5.367368e-01 5.124533e-01 8.624982e-01 7.405339e-02
0.380000 8.655415e-01 5.204940e-01 5.094652e-01 8.559727e-01 7.160207e-02
0.390000 8.589024e-01 5.129047e-01 4.974775e-01 8.494249e-01 6.846165e-02
0.400000 8.521438e-01 5.129507e-01 4.775320e-01 8.428540e-01 6.470776e-02
0.410000 8.452693e-01 5.195630e-01 4.507768e-01 8.362583e-01 6.043557e-02
0.420000 8.382826e-01 5.316731e-01 4.183967e-01 8.296364e-01 5.575188e-02
0.430000 8.311874e-01 5.482120e-01 3.815996e-01 8.229868e-01 5.077207e-02
0.440000 8.239874e-01 5.681112e-01 3.416099e-01 8.163081e-01 4.561803e-02
0.450000 8.166865e-01 5.903017e-01 2.996630e-01 8.095986e-01 4.041652e-02
0.460000 8.092883e-01 6.137149e-01 2.570028e-01 8.028570e-01 3.529756e-02
0.470000 8.017969e-01 6.372820e-01 2.148791e-01 7.960817e-01 3.039219e-02
0.480000 7.942159e-01 6.599343e-01 1.745467e-01 7.892713e-01 2.582826e-02
0.490000 7.865492e-01 6.806029e-01 1.372639e-01 7.824242e-01 2.172226e-02
0.500000 7.788008e-01 6.982192e-01 1.042894e-01 7.755389e-01 1.816418e-02
0.510000 7.709745e-01 7.119478e-01 7.659102e-02 7.686112e-01 1.518053e-02
0.520000 7.630742e-01 7.218869e-01 5.399064e-02 7.616256e-01 1.269766e-02
0.530000 7.551038e-01 7.283680e-01 3.603839e-02 7.545640e-01 1.062517e-02
0.540000 7.470673e-01 7.317228e-01 2.232382e-02 7.474082e-01 8.882303e-03
0.550000 7.389685e-01 7.322829e-01 1.255947e-02 7.401400e-01 7.405453e-03
0.560000 7.308113e-01 7.303798e-01 6.858347e-03 7.327412e-01 6.155392e-03
0.570000 7.225996e-01 7.263452e-01 5.479689e-03 7.251937e-01 5.122766e-03
0.580000 7.143373e-01 7.205106e-01 6.026367e-03 7.174791e-01 4.328744e-03
0.590000 7.060283e-01 7.132077e-01 6.170207e-03 7.095794e-01 3.811142e-03
0.600000 6.976763e-01 7.047680e-01 5.597895e-03 7.014764e-01 3.583769e-03
0.610000 6.892853e-01 6.955232e-01 4.685537e-03 6.931519e-01 3.590866e-03
0.620000 6.808590e-01 6.858048e-01 4.008215e-03 6.845876e-01 3.715129e-03
0.630000 6.724013e-01 6.759379e-01 3.900237e-03 6.757669e-01 3.831608e-03
0.640000 6.639158e-01 6.660968e-01 4.094165e-03 6.667041e-01 3.868603e-03
0.650000 6.554063e-01 6.563054e-01 4.282600e-03 6.574454e-01 3.819756e-03
0.660000 6.468764e-01 6.465809e-01 4.347787e-03 6.480379e-01 3.708826e-03
0.670000 6.383299e-01 6.369405e-01 4.279499e-03 6.385290e-01 3.575907e-03
0.680000 6.297704e-01 6.274013e-01 4.119159e-03 6.289661e-01 3.468193e-03
0.690000 6.212014e-01 6.179807e-01 3.934268e-03 6.193964e-01 3.428515e-03
0.700000 6.126264e-01 6.086958e-01 3.800401e-03 6.098672e-01 3.480995e-03
0.710000 6.040490e-01 5.995638e-01 3.777138e-03 6.004258e-01 3.621006e-03
0.720000 5.954725e-01 5.906020e-01 3.881051e-03 5.911196e-01 3.817386e-03
0.730000 5.869005e-01 5.818276e-01 4.076457e-03 5.819959e-01 4.024198e-03
0.740000 5.783362e-01 5.732577e-01 4.292850e-03 5.731020e-01 4.192655e-03
0.750000 5.697828e-01 5.649097e-01 4.450534e-03 5.644852e-01 4.278580e-03
0.760000 5.612437e-01 5.567917e-01 4.488498e-03 5.561771e-01 4.254614e-03
0.770000 5.527221e-01 5.488759e-01 4.406406e-03 5.481470e-01 4.136261e-03
0.780000 5.442209e-01 5.411257e-01 4.233724e-03 5.403485e-01 3.957546e-03
0.790000 5.357434e-01 5.335041e-01 4.012777e-03 5.327351e-01 3.759927e-03
0.800000 5.272924e-01 5.259745e-01 3.793981e-03 5.252603e-01 3.588191e-03
0.810000 5.188710e-01 5.185002e-01 3.629095e-03 5.178778e-01 3.483004e-03
0.820000 5.104819e-01 5.110442e-01 3.558988e-03 5.105411e-01 3.469615e-03
0.830000 5.021281e-01 5.035699e-01 3.598512e-03 5.032037e-01 3.548115e-03
0.840000 4.938122e-01 4.960405e-01 3.729276e-03 4.958193e-01 3.693170e-03
0.850000 4.855369e-01 4.884193e-01 3.907386e-03 4.883414e-01 3.863575e-03
0.860000 4.773048e-01 4.806694e-01 4.078801e-03 4.807236e-01 4.013847e-03
0.870000 4.691184e-01 4.727541e-01 4.191553e-03 4.729194e-01 4.102132e-03
0.880000 4.609803e-01 4.646384e-01 4.203487e-03 4.648844e-01 4.095625e-03
0.890000 4.528927e-01 4.563265e-01 4.108326e-03 4.566204e-01 3.993214e-03
0.900000 4.448581e-01 4.478624e-01 3.936749e-03 4.481752e-01 3.825906e-03
0.910000 4.368786e-01 4.392916e-01 3.731405e-03 4.395988e-01 3.634667e-03
0.920000 4.289564e-01 4.306594e-01 3.541922e-03 4.309412e-01 3.465642e-03
0.930000 4.210937e-01 4.220115e-01 3.417712e-03 4.222521e-01 3.362887e-03
0.940000 4.132924e-01 4.133933e-01 3.394953e-03 4.135816e-01 3.356349e-03
0.950000 4.055545e-01 4.048503e-01 3.482358e-03 4.049796e-01 3.450239e-03
0.960000 3.978819e-01 3.964281e-01 3.657228e-03 3.964959e-01 3.621339e-03
0.970000 3.902764e-01 3.881722e-01 3.875709e-03 3.881806e-01 3.828818e-03
0.980000 3.827398e-01 3.801280e-01 4.087530e-03 3.800834e-01 4.026883e-03
0.990000 3.752736e-01 3.723410e-01 4.246044e-03 3.722544e-01 4.173258e-03
1.000000 3.678794e-01 3.648569e-01 4.313180e-03 3.647434e-01 4.233547e-03
1.010000 3.605589e-01 3.577076e-01 4.270451e-03 3.575858e-01 4.191526e-03
1.020000 3.533133e-01 3.508721e-01 4.143308e-03 3.507583e-01 4.071676e-03
1.030000 3.461441e-01 3.443156e-01 3.975530e-03 3.442230e-01 3.915248e-03
1.040000 3.390526e-01 3.380037e-01 3.817276e-03 3.379421e-01 3.768997e-03
1.050000 3.320399e-01 3.319017e-01 3.717882e-03 3.318777e-01 3.678363e-03
1.060000 3.251073e-01 3.259751e-01 3.713815e-03 3.259918e-01 3.676563e-03
1.070000 3.182557e-01 3.201892e-01 3.815909e-03 3.202467e-01 3.773385e-03
1.080000 3.114863e-01 3.145095e-01 4.005421e-03 3.146044e-01 3.951799e-03
1.090000 3.047998e-01 3.089014e-01 4.242423e-03 3.090272e-01 4.175299e-03
1.100000 2.981973e-01 3.033303e-01 4.478942e-03 3.034770e-01 4.399555e-03
1.110000 2.916794e-01 2.977617e-01 4.668762e-03 2.979161e-01 4.581405e-03
1.120000 2.852469e-01 2.921609e-01 4.772690e-03 2.923065e-01 4.683903e-03
1.130000 2.789006e-01 2.864942e-01 4.763166e-03 2.866116e-01 4.680729e-03
1.140000 2.726408e-01 2.807499e-01 4.649653e-03 2.808199e-01 4.579789e-03
1.150000 2.664683e-01 2.749374e-01 4.477305e-03 2.749457e-01 4.421961e-03
1.160000 2.603834e-01 2.690675e-01 4.300551e-03 2.690043e-01 4.256491e-03
1.170000 2.543866e-01 2.631508e-01 4.175261e-03 2.630109e-01 4.134016e-03
1.180000 2.484782e-01 2.571980e-01 4.146740e-03 2.569808e-01 4.096377e-03
1.190000 2.426585e-01 2.512197e-01 4.235050e-03 2.509293e-01 4.164029e-03
1.200000 2.369278e-01 2.452265e-01 4.427376e-03 2.448716e-01 4.328637e-03
1.210000 2.312861e-01 2.392291e-01 4.684077e-03 2.388231e-01 4.556924e-03
1.220000 2.257335e-01 2.332381e-01 4.952592e-03 2.327990e-01 4.802161e-03
1.230000 2.202703e-01 2.272641e-01 5.179269e-03 2.268146e-01 5.015031e-03
1.240000 2.148962e-01 2.213179e-01 5.315810e-03 2.208851e-01 5.150137e-03
1.250000 2.096114e-01 2.154100e-01 5.322587e-03 2.150259e-01 5.169471e-03
1.260000 2.044156e-01 2.095527e-01 5.181803e-03 2.092517e-01 5.054294e-03
1.270000 1.993088e-01 2.037649e-01 4.928536e-03 2.035747e-01 4.833056e-03
1.280000 1.942907e-01 1.980671e-01 4.618324e-03 1.980067e-01 4.552333e-03
1.290000 1.893610e-01 1.924798e-01 4.313199e-03 1.925594e-01 4.264357e-03
1.300000 1.845195e-01 1.870235e-01 4.073965e-03 1.872446e-01 4.021293e-03
1.310000 1.797659e-01 1.817187e-01 3.945417e-03 1.820738e-01 3.864717e-03
1.320000 1.750997e-01 1.765859e-01 3.938586e-03 1.770590e-01 3.811845e-03
1.330000 1.705205e-01 1.716457e-01 4.023954e-03 1.722118e-01 3.847259e-03
1.340000 1.660278e-01 1.669184e-01 4.143515e-03 1.675439e-01 3.928335e-03
1.350000 1.616212e-01 1.624248e-01 4.231288e-03 1.630670e-01 4.000609e-03
1.360000 1.573001e-01 1.581851e-01 4.229727e-03 1.587930e-01 4.013144e-03
1.370000 1.530639e-01 1.542200e-01 4.102077e-03 1.547334e-01 3.930815e-03
1.380000 1.489120e-01 1.505475e-01 3.852552e-03 1.508983e-01 3.750790e-03
1.390000 1.448437e-01 1.471281e-01 3.588093e-03 1.472575e-01 3.548818e-03
1.400000 1.408584e-01 1.438651e-01 3.483300e-03 1.437403e-01 3.450762e-03
1.410000 1.369554e-01 1.406590e-01 3.644063e-03 1.402746e-01 3.539160e-03
1.420000 1.331339e-01 1.374106e-01 4.025360e-03 1.367882e-01 3.799716e-03
1.430000 1.293931e-01 1.340205e-01 4.479085e-03 1.332087e-01 4.138248e-03
1.440000 1.257323e-01 1.303895e-01 4.852211e-03 1.294639e-01 4.443424e-03
1.450000 1.221507e-01 1.264181e-01 5.037363e-03 1.254816e-01 4.634672e-03
1.460000 1.186473e-01 1.220071e-01 5.005983e-03 1.211895e-01 4.697817e-03
1.470000 1.152214e-01 1.170572e-01 4.884446e-03 1.165153e-01 4.742101e-03
1.480000 1.118720e-01 1.114689e-01 5.098606e-03 1.113869e-01 5.080074e-03
1.490000 1.085982e-01 1.051430e-01 6.333793e-03 1.057320e-01 6.182563e-03
