0.100000 3.000000
0.200000 2.900000
0.300000 2.500000
0.400000 1.000000
0.500000 0.900000
0.600000 0.800000
0.700000 0.500000
0.800000 0.200000
0.900000 0.100000


0.100000 3.000000
0.105000 2.971478
0.110000 2.946920
0.115000 2.926080
0.120000 2.908708
0.125000 2.894556
0.130000 2.883377
0.135000 2.874922
0.140000 2.868944
0.145000 2.865193
0.150000 2.863421
0.155000 2.863382
0.160000 2.864826
0.165000 2.867505
0.170000 2.871171
0.175000 2.875576
0.180000 2.880472
0.185000 2.885610
0.190000 2.890743
0.195000 2.895623
0.200000 2.900000
0.205000 2.903627
0.210000 2.906257
0.215000 2.907640
0.220000 2.907528
0.225000 2.905674
0.230000 2.901829
0.235000 2.895745
0.240000 2.887174
0.245000 2.875868
0.250000 2.861579
0.255000 2.844057
0.260000 2.823056
0.265000 2.798328
0.270000 2.769623
0.275000 2.736694
0.280000 2.699292
0.285000 2.657170
0.290000 2.610080
0.295000 2.557772
0.300000 2.500000
0.305000 2.436663
0.310000 2.368253
0.315000 2.295412
0.320000 2.218779
0.325000 2.138997
0.330000 2.056706
0.335000 1.972546
0.340000 1.887159
0.345000 1.801185
0.350000 1.715264
0.355000 1.630039
0.360000 1.546149
0.365000 1.464235
0.370000 1.384938
0.375000 1.308899
0.380000 1.236759
0.385000 1.169158
0.390000 1.106737
0.395000 1.050138
0.400000 1.000000
0.405000 0.956785
0.410000 0.920232
0.415000 0.889901
0.420000 0.865354
0.425000 0.846149
0.430000 0.831846
0.435000 0.822007
0.440000 0.816190
0.445000 0.813955
0.450000 0.814864
0.455000 0.818475
0.460000 0.824349
0.465000 0.832045
0.470000 0.841125
0.475000 0.851147
0.480000 0.861672
0.485000 0.872260
0.490000 0.882470
0.495000 0.891864
0.500000 0.900000
0.505000 0.906524
0.510000 0.911420
0.515000 0.914757
0.520000 0.916605
0.525000 0.917032
0.530000 0.916108
0.535000 0.913902
0.540000 0.910482
0.545000 0.905919
0.550000 0.900280
0.555000 0.893637
0.560000 0.886056
0.565000 0.877609
0.570000 0.868363
0.575000 0.858388
0.580000 0.847754
0.585000 0.836529
0.590000 0.824782
0.595000 0.812582
0.600000 0.800000
0.605000 0.787094
0.610000 0.773887
0.615000 0.760394
0.620000 0.746626
0.625000 0.732597
0.630000 0.718321
0.635000 0.703812
0.640000 0.689082
0.645000 0.674145
0.650000 0.659014
0.655000 0.643703
0.660000 0.628226
0.665000 0.612594
0.670000 0.596823
0.675000 0.580924
0.680000 0.564913
0.685000 0.548801
0.690000 0.532603
0.695000 0.516331
0.700000 0.500000
0.705000 0.483624
0.710000 0.467230
0.715000 0.450843
0.720000 0.434492
0.725000 0.418204
0.730000 0.402006
0.735000 0.385926
0.740000 0.369990
0.745000 0.354226
0.750000 0.338662
0.755000 0.323324
0.760000 0.308241
0.765000 0.293439
0.770000 0.278946
0.775000 0.264789
0.780000 0.250995
0.785000 0.237592
0.790000 0.224607
0.795000 0.212067
0.800000 0.200000
0.805000 0.188433
0.810000 0.177393
0.815000 0.166908
0.820000 0.157005
0.825000 0.147711
0.830000 0.139054
0.835000 0.131061
0.840000 0.123759
0.845000 0.117176
0.850000 0.111338
0.855000 0.106274
0.860000 0.102010
0.865000 0.098574
0.870000 0.095994
0.875000 0.094296
0.880000 0.093508
0.885000 0.093657
0.890000 0.094770
0.895000 0.096876
