-2.000000 -18.000000 -18.000000
-1.990000 -17.631997 -17.631997
-1.980000 -17.267976 -17.267976
-1.970000 -16.907919 -16.907919
-1.960000 -16.551808 -16.551808
-1.950000 -16.199625 -16.199625
-1.940000 -15.851352 -15.851352
-1.930000 -15.506971 -15.506971
-1.920000 -15.166464 -15.166464
-1.910000 -14.829813 -14.829813
-1.900000 -14.497000 -14.497000
-1.890000 -14.168007 -14.168007
-1.880000 -13.842816 -13.842816
-1.870000 -13.521409 -13.521409
-1.860000 -13.203768 -13.203768
-1.850000 -12.889875 -12.889875
-1.840000 -12.579712 -12.579712
-1.830000 -12.273261 -12.273261
-1.820000 -11.970504 -11.970504
-1.810000 -11.671423 -11.671423
-1.800000 -11.376000 -11.376000
-1.790000 -11.084217 -11.084217
-1.780000 -10.796056 -10.796056
-1.770000 -10.511499 -10.511499
-1.760000 -10.230528 -10.230528
-1.750000 -9.953125 -9.953125
-1.740000 -9.679272 -9.679272
-1.730000 -9.408951 -9.408951
-1.720000 -9.142144 -9.142144
-1.710000 -8.878833 -8.878833
-1.700000 -8.619000 -8.619000
-1.690000 -8.362627 -8.362627
-1.680000 -8.109696 -8.109696
-1.670000 -7.860189 -7.860189
-1.660000 -7.614088 -7.614088
-1.650000 -7.371375 -7.371375
-1.640000 -7.132032 -7.132032
-1.630000 -6.896041 -6.896041
-1.620000 -6.663384 -6.663384
-1.610000 -6.434043 -6.434043
-1.600000 -6.208000 -6.208000
-1.590000 -5.985237 -5.985237
-1.580000 -5.765736 -5.765736
-1.570000 -5.549479 -5.549479
-1.560000 -5.336448 -5.336448
-1.550000 -5.126625 -5.126625
-1.540000 -4.919992 -4.919992
-1.530000 -4.716531 -4.716531
-1.520000 -4.516224 -4.516224
-1.510000 -4.319053 -4.319053
-1.500000 -4.125000 -4.125000
-1.490000 -3.934047 -3.934047
-1.480000 -3.746176 -3.746176
-1.470000 -3.561369 -3.561369
-1.460000 -3.379608 -3.379608
-1.450000 -3.200875 -3.200875
-1.440000 -3.025152 -3.025152
-1.430000 -2.852421 -2.852421
-1.420000 -2.682664 -2.682664
-1.410000 -2.515863 -2.515863
-1.400000 -2.352000 -2.352000
-1.390000 -2.191057 -2.191057
-1.380000 -2.033016 -2.033016
-1.370000 -1.877859 -1.877859
-1.360000 -1.725568 -1.725568
-1.350000 -1.576125 -1.576125
-1.340000 -1.429512 -1.429512
-1.330000 -1.285711 -1.285711
-1.320000 -1.144704 -1.144704
-1.310000 -1.006473 -1.006473
-1.300000 -0.871000 -0.871000
-1.290000 -0.738267 -0.738267
-1.280000 -0.608256 -0.608256
-1.270000 -0.480949 -0.480949
-1.260000 -0.356328 -0.356328
-1.250000 -0.234375 -0.234375
-1.240000 -0.115072 -0.115072
-1.230000 0.001599 0.001599
-1.220000 0.115656 0.115656
-1.210000 0.227117 0.227117
-1.200000 0.336000 0.336000
-1.190000 0.442323 0.442323
-1.180000 0.546104 0.546104
-1.170000 0.647361 0.647361
-1.160000 0.746112 0.746112
-1.150000 0.842375 0.842375
-1.140000 0.936168 0.936168
-1.130000 1.027509 1.027509
-1.120000 1.116416 1.116416
-1.110000 1.202907 1.202907
-1.100000 1.287000 1.287000
-1.090000 1.368713 1.368713
-1.080000 1.448064 1.448064
-1.070000 1.525071 1.525071
-1.060000 1.599752 1.599752
-1.050000 1.672125 1.672125
-1.040000 1.742208 1.742208
-1.030000 1.810019 1.810019
-1.020000 1.875576 1.875576
-1.010000 1.938897 1.938897
-1.000000 2.000000 2.000000
-0.990000 2.058903 2.058903
-0.980000 2.115624 2.115624
-0.970000 2.170181 2.170181
-0.960000 2.222592 2.222592
-0.950000 2.272875 2.272875
-0.940000 2.321048 2.321048
-0.930000 2.367129 2.367129
-0.920000 2.411136 2.411136
-0.910000 2.453087 2.453087
-0.900000 2.493000 2.493000
-0.890000 2.530893 2.530893
-0.880000 2.566784 2.566784
-0.870000 2.600691 2.600691
-0.860000 2.632632 2.632632
-0.850000 2.662625 2.662625
-0.840000 2.690688 2.690688
-0.830000 2.716839 2.716839
-0.820000 2.741096 2.741096
-0.810000 2.763477 2.763477
-0.800000 2.784000 2.784000
-0.790000 2.802683 2.802683
-0.780000 2.819544 2.819544
-0.770000 2.834601 2.834601
-0.760000 2.847872 2.847872
-0.750000 2.859375 2.859375
-0.740000 2.869128 2.869128
-0.730000 2.877149 2.877149
-0.720000 2.883456 2.883456
-0.710000 2.888067 2.888067
-0.700000 2.891000 2.891000
-0.690000 2.892273 2.892273
-0.680000 2.891904 2.891904
-0.670000 2.889911 2.889911
-0.660000 2.886312 2.886312
-0.650000 2.881125 2.881125
-0.640000 2.874368 2.874368
-0.630000 2.866059 2.866059
-0.620000 2.856216 2.856216
-0.610000 2.844857 2.844857
-0.600000 2.832000 2.832000
-0.590000 2.817663 2.817663
-0.580000 2.801864 2.801864
-0.570000 2.784621 2.784621
-0.560000 2.765952 2.765952
-0.550000 2.745875 2.745875
-0.540000 2.724408 2.724408
-0.530000 2.701569 2.701569
-0.520000 2.677376 2.677376
-0.510000 2.651847 2.651847
-0.500000 2.625000 2.625000
-0.490000 2.596853 2.596853
-0.480000 2.567424 2.567424
-0.470000 2.536731 2.536731
-0.460000 2.504792 2.504792
-0.450000 2.471625 2.471625
-0.440000 2.437248 2.437248
-0.430000 2.401679 2.401679
-0.420000 2.364936 2.364936
-0.410000 2.327037 2.327037
-0.400000 2.288000 2.288000
-0.390000 2.247843 2.247843
-0.380000 2.206584 2.206584
-0.370000 2.164241 2.164241
-0.360000 2.120832 2.120832
-0.350000 2.076375 2.076375
-0.340000 2.030888 2.030888
-0.330000 1.984389 1.984389
-0.320000 1.936896 1.936896
-0.310000 1.888427 1.888427
-0.300000 1.839000 1.839000
-0.290000 1.788633 1.788633
-0.280000 1.737344 1.737344
-0.270000 1.685151 1.685151
-0.260000 1.632072 1.632072
-0.250000 1.578125 1.578125
-0.240000 1.523328 1.523328
-0.230000 1.467699 1.467699
-0.220000 1.411256 1.411256
-0.210000 1.354017 1.354017
-0.200000 1.296000 1.296000
-0.190000 1.237223 1.237223
-0.180000 1.177704 1.177704
-0.170000 1.117461 1.117461
-0.160000 1.056512 1.056512
-0.150000 0.994875 0.994875
-0.140000 0.932568 0.932568
-0.130000 0.869609 0.869609
-0.120000 0.806016 0.806016
-0.110000 0.741807 0.741807
-0.100000 0.677000 0.677000
-0.090000 0.611613 0.611613
-0.080000 0.545664 0.545664
-0.070000 0.479171 0.479171
-0.060000 0.412152 0.412152
-0.050000 0.344625 0.344625
-0.040000 0.276608 0.276608
-0.030000 0.208119 0.208119
-0.020000 0.139176 0.139176
-0.010000 0.069797 0.069797
0.000000 -0.000000 -0.000000
0.010000 -0.070197 -0.070197
0.020000 -0.140776 -0.140776
0.030000 -0.211719 -0.211719
0.040000 -0.283008 -0.283008
0.050000 -0.354625 -0.354625
0.060000 -0.426552 -0.426552
0.070000 -0.498771 -0.498771
0.080000 -0.571264 -0.571264
0.090000 -0.644013 -0.644013
0.100000 -0.717000 -0.717000
0.110000 -0.790207 -0.790207
0.120000 -0.863616 -0.863616
0.130000 -0.937209 -0.937209
0.140000 -1.010968 -1.010968
0.150000 -1.084875 -1.084875
0.160000 -1.158912 -1.158912
0.170000 -1.233061 -1.233061
0.180000 -1.307304 -1.307304
0.190000 -1.381623 -1.381623
0.200000 -1.456000 -1.456000
0.210000 -1.530417 -1.530417
0.220000 -1.604856 -1.604856
0.230000 -1.679299 -1.679299
0.240000 -1.753728 -1.753728
0.250000 -1.828125 -1.828125
0.260000 -1.902472 -1.902472
0.270000 -1.976751 -1.976751
0.280000 -2.050944 -2.050944
0.290000 -2.125033 -2.125033
0.300000 -2.199000 -2.199000
0.310000 -2.272827 -2.272827
0.320000 -2.346496 -2.346496
0.330000 -2.419989 -2.419989
0.340000 -2.493288 -2.493288
0.350000 -2.566375 -2.566375
0.360000 -2.639232 -2.639232
0.370000 -2.711841 -2.711841
0.380000 -2.784184 -2.784184
0.390000 -2.856243 -2.856243
0.400000 -2.928000 -2.928000
0.410000 -2.999437 -2.999437
0.420000 -3.070536 -3.070536
0.430000 -3.141279 -3.141279
0.440000 -3.211648 -3.211648
0.450000 -3.281625 -3.281625
0.460000 -3.351192 -3.351192
0.470000 -3.420331 -3.420331
0.480000 -3.489024 -3.489024
0.490000 -3.557253 -3.557253
0.500000 -3.625000 -3.625000
0.510000 -3.692247 -3.692247
0.520000 -3.758976 -3.758976
0.530000 -3.825169 -3.825169
0.540000 -3.890808 -3.890808
0.550000 -3.955875 -3.955875
0.560000 -4.020352 -4.020352
0.570000 -4.084221 -4.084221
0.580000 -4.147464 -4.147464
0.590000 -4.210063 -4.210063
0.600000 -4.272000 -4.272000
0.610000 -4.333257 -4.333257
0.620000 -4.393816 -4.393816
0.630000 -4.453659 -4.453659
0.640000 -4.512768 -4.512768
0.650000 -4.571125 -4.571125
0.660000 -4.628712 -4.628712
0.670000 -4.685511 -4.685511
0.680000 -4.741504 -4.741504
0.690000 -4.796673 -4.796673
0.700000 -4.851000 -4.851000
0.710000 -4.904467 -4.904467
0.720000 -4.957056 -4.957056
0.730000 -5.008749 -5.008749
0.740000 -5.059528 -5.059528
0.750000 -5.109375 -5.109375
0.760000 -5.158272 -5.158272
0.770000 -5.206201 -5.206201
0.780000 -5.253144 -5.253144
0.790000 -5.299083 -5.299083
0.800000 -5.344000 -5.344000
0.810000 -5.387877 -5.387877
0.820000 -5.430696 -5.430696
0.830000 -5.472439 -5.472439
0.840000 -5.513088 -5.513088
0.850000 -5.552625 -5.552625
0.860000 -5.591032 -5.591032
0.870000 -5.628291 -5.628291
0.880000 -5.664384 -5.664384
0.890000 -5.699293 -5.699293
0.900000 -5.733000 -5.733000
0.910000 -5.765487 -5.765487
0.920000 -5.796736 -5.796736
0.930000 -5.826729 -5.826729
0.940000 -5.855448 -5.855448
0.950000 -5.882875 -5.882875
0.960000 -5.908992 -5.908992
0.970000 -5.933781 -5.933781
0.980000 -5.957224 -5.957224
0.990000 -5.979303 -5.979303
1.000000 -6.000000 -6.000000
1.010000 -6.019297 -6.019297
1.020000 -6.037176 -6.037176
1.030000 -6.053619 -6.053619
1.040000 -6.068608 -6.068608
1.050000 -6.082125 -6.082125
1.060000 -6.094152 -6.094152
1.070000 -6.104671 -6.104671
1.080000 -6.113664 -6.113664
1.090000 -6.121113 -6.121113
1.100000 -6.127000 -6.127000
1.110000 -6.131307 -6.131307
1.120000 -6.134016 -6.134016
1.130000 -6.135109 -6.135109
1.140000 -6.134568 -6.134568
1.150000 -6.132375 -6.132375
1.160000 -6.128512 -6.128512
1.170000 -6.122961 -6.122961
1.180000 -6.115704 -6.115704
1.190000 -6.106723 -6.106723
1.200000 -6.096000 -6.096000
1.210000 -6.083517 -6.083517
1.220000 -6.069256 -6.069256
1.230000 -6.053199 -6.053199
1.240000 -6.035328 -6.035328
1.250000 -6.015625 -6.015625
1.260000 -5.994072 -5.994072
1.270000 -5.970651 -5.970651
1.280000 -5.945344 -5.945344
1.290000 -5.918133 -5.918133
1.300000 -5.889000 -5.889000
1.310000 -5.857927 -5.857927
1.320000 -5.824896 -5.824896
1.330000 -5.789889 -5.789889
1.340000 -5.752888 -5.752888
1.350000 -5.713875 -5.713875
1.360000 -5.672832 -5.672832
1.370000 -5.629741 -5.629741
1.380000 -5.584584 -5.584584
1.390000 -5.537343 -5.537343
1.400000 -5.488000 -5.488000
1.410000 -5.436537 -5.436537
1.420000 -5.382936 -5.382936
1.430000 -5.327179 -5.327179
1.440000 -5.269248 -5.269248
1.450000 -5.209125 -5.209125
1.460000 -5.146792 -5.146792
1.470000 -5.082231 -5.082231
1.480000 -5.015424 -5.015424
1.490000 -4.946353 -4.946353
1.500000 -4.875000 -4.875000
1.510000 -4.801347 -4.801347
1.520000 -4.725376 -4.725376
1.530000 -4.647069 -4.647069
1.540000 -4.566408 -4.566408
1.550000 -4.483375 -4.483375
1.560000 -4.397952 -4.397952
1.570000 -4.310121 -4.310121
1.580000 -4.219864 -4.219864
1.590000 -4.127163 -4.127163
1.600000 -4.032000 -4.032000
1.610000 -3.934357 -3.934357
1.620000 -3.834216 -3.834216
1.630000 -3.731559 -3.731559
1.640000 -3.626368 -3.626368
1.650000 -3.518625 -3.518625
1.660000 -3.408312 -3.408312
1.670000 -3.295411 -3.295411
1.680000 -3.179904 -3.179904
1.690000 -3.061773 -3.061773
1.700000 -2.941000 -2.941000
1.710000 -2.817567 -2.817567
1.720000 -2.691456 -2.691456
1.730000 -2.562649 -2.562649
1.740000 -2.431128 -2.431128
1.750000 -2.296875 -2.296875
1.760000 -2.159872 -2.159872
1.770000 -2.020101 -2.020101
1.780000 -1.877544 -1.877544
1.790000 -1.732183 -1.732183
1.800000 -1.584000 -1.584000
1.810000 -1.432977 -1.432977
1.820000 -1.279096 -1.279096
1.830000 -1.122339 -1.122339
1.840000 -0.962688 -0.962688
1.850000 -0.800125 -0.800125
1.860000 -0.634632 -0.634632
1.870000 -0.466191 -0.466191
1.880000 -0.294784 -0.294784
1.890000 -0.120393 -0.120393
1.900000 0.057000 0.057000
1.910000 0.237413 0.237413
1.920000 0.420864 0.420864
1.930000 0.607371 0.607371
1.940000 0.796952 0.796952
1.950000 0.989625 0.989625
1.960000 1.185408 1.185408
1.970000 1.384319 1.384319
1.980000 1.586376 1.586376
1.990000 1.791597 1.791597
