0.0462458 0.0167729
0.0462458 0.031888
0.0512458 0.0412921
0.0712458 0.0522264
0.0712458 0.0574496
0.0662458 0.0642031
0.0962458 0.0724869
0.101246 0.0803607
0.116246 0.0825233
0.121246 0.0862162
0.116246 0.0914394
0.106246 0.0962525
0.0912458 0.102596
0.101246 0.108529
0.0962458 0.114053
0.0962458 0.119686
0.0962458 0.104007
0.0912458 0.094039
0.0862458 0.0897813
0.0812458 0.0839935
0.0862458 0.0839162
0.101246 0.0823088
0.111246 0.0791713
0.116246 0.0764437
0.0762458 0.0509741
0.0362458 0.0315983
0.0362458 0.0183161
0.0212458 0.00340114
0.0112458 -0.00542012
-0.00875415 -0.0158742
-0.00875415 -0.0279611
-0.00375415 -0.0396104
0.00624585 -0.0160286
0.00124585 -0.00188697
0.00624585 0.00281451
-0.00375415 0.0100455
-0.0187542 0.00783627
-0.0237542 0.00815656
-0.0187542 0.0110063
-0.0187542 0.0131783
-0.0287542 0.00591016
-0.0237542 0.00117148
-0.0337542 -0.00103772
-0.00875415 -0.00392469
-0.0137542 -0.00428218
-0.00875415 -0.00531744
0.00124585 -0.00703047
-0.0237542 -0.0085619
-0.0337542 -0.014332
-0.0187542 -0.0189663
-0.00875415 -0.0224649
-0.00375415 -0.0262678
-0.00875415 -0.0289349
-0.0287542 -0.0319064
-0.0437542 -0.0351822
-0.0387542 -0.0383765
-0.0587542 -0.0801973
-0.103754 -0.111668
-0.123754 -0.132789
-0.153754 -0.156683
-0.188754 -0.162696
-0.213754 -0.1735
-0.183754 -0.189095
-0.0937542 -0.203407
0.0212458 -0.00510083
0.161246 0.136235
0.306246 0.341101
0.556246 0.528945
0.811246 0.801527
1.04125 1.0514
1.19625 1.15485
1.26125 1.29754
1.22625 1.16912
1.07625 1.11335
0.811246 0.760921
0.486246 0.487984
0.211246 0.24772
0.0512458 -0.00129903
-0.0687542 -0.0610099
-0.128754 -0.171446
-0.153754 -0.102442
-0.133754 -0.081519
-0.103754 -0.108677
-0.0687542 -0.122951
-0.0687542 -0.0931296
-0.0637542 -0.0751235
-0.0687542 -0.0689329
-0.0587542 -0.0595764
-0.0587542 -0.0723311
-0.0587542 -0.0791611
-0.0737542 -0.0800665
-0.0637542 -0.0825593
-0.0637542 -0.0791275
-0.0637542 -0.0772832
-0.0537542 -0.0770263
-0.0737542 -0.0763442
-0.0887542 -0.078946
-0.0887542 -0.080668
-0.0787542 -0.0815099
-0.0737542 -0.0825877
-0.0687542 -0.0827855
-0.0837542 -0.083219
-0.0737542 -0.0838884
-0.0637542 -0.0844945
-0.0537542 -0.0842208
-0.0687542 -0.0841828
-0.0687542 -0.0843805
-0.0837542 -0.0845151
-0.0887542 -0.0848855
-0.0887542 -0.0851927
-0.0687542 -0.0854368
-0.0687542 -0.0856977
-0.0737542 -0.0858204
-0.0837542 -0.0859801
-0.0937542 -0.0861769
-0.0787542 -0.0863638
-0.0887542 -0.0865877
-0.0837542 -0.0868017
-0.0887542 -0.0870057
-0.0937542 -0.0872124
-0.0887542 -0.0874562
-0.0787542 -0.08769
-0.0787542 -0.0879139
-0.0737542 -0.0881405
-0.0687542 -0.0883571
-0.0837542 -0.0885764
-0.0887542 -0.0887984
-0.0687542 -0.0890196
-0.0687542 -0.0890797
-0.0637542 -0.0891829
-0.0637542 -0.0893293
-0.0887542 -0.0894642
-0.0837542 -0.0896423
-0.0737542 -0.0898087
-0.0687542 -0.0899636
-0.0537542 -0.0901216
-0.0687542 -0.0903228
-0.0737542 -0.0905125
-0.0887542 -0.0906905
-0.0787542 -0.0908717
-0.0687542 -0.0910413
-0.0687542 -0.0912139
-0.0637542 -0.0913897
-0.0837542 -0.0915647
-0.0937542 -0.0917828
-0.0937542 -0.0919894
-0.0787542 -0.0921844
-0.0737542 -0.0923825
-0.0837542 -0.092569
-0.0937542 -0.0927586
-0.0987542 -0.0929514
-0.0987542 -0.0931433
-0.0887542 -0.0933236
-0.0937542 -0.093507
-0.103754 -0.0936935
-0.0987542 -0.0938792
-0.113754 -0.094068
-0.108754 -0.094256
-0.108754 -0.0944431
-0.0987542 -0.0946305
-0.108754 -0.103627
-0.128754 -0.110264
-0.133754 -0.11454
-0.128754 -0.119448
-0.113754 -0.121996
-0.123754 -0.125177
-0.128754 -0.12899
-0.133754 -0.132633
-0.148754 -0.133916
-0.138754 -0.135831
-0.133754 -0.138379
-0.128754 -0.140758
-0.133754 -0.143768
-0.148754 -0.14661
-0.153754 -0.149282
-0.138754 -0.151999
-0.128754 -0.121242
-0.123754 -0.0994544
-0.118754 -0.0866362
-0.113754 -0.0714146
-0.118754 -0.0651625
-0.0887542 -0.056507
-0.0737542 -0.0454482
-0.0487542 -0.0350333
-0.0437542 -0.033588
-0.0387542 -0.0297392
-0.0437542 -0.0234871
-0.0187542 -0.017879
-0.00375415 -0.00986753
0.00624585 -0.00250002
0.00124585 0.00422351
-0.00875415 0.0111196
-0.00875415 -0.00226639
0.00124585 -0.0102178
0.0112458 -0.0127347
0.0212458 -0.0167077
0.0212458 -0.0152462
0.00124585 -0.0152409
0.00124585 -0.0166917
0.00624585 -0.0177524
0.0162458 -0.0133785
0.0162458 -0.0104608
0.0262458 -0.00899926
0.00124585 -0.00714755
-0.00875415 -0.00675204
0.0162458 -0.00596633
0.0112458 -0.00479045
0.0212458 -0.00371911
0.0212458 0.00278678
0.00124585 0.00783649
-0.00375415 0.01143
0.0112458 0.0154137
0.0162458 0.0179412
0.00624585 0.0208589
0.0162458 0.0241668
0.00624585 0.0273702
0.00624585 0.0291173
0.0112458 0.0312547
0.0262458 0.0337822
0.0312458 0.0362052
0.0162458 0.0390183
0.0112458 0.0417269
0.00124585 0.044331
0.00624585 0.0469631
0.0212458 0.0347545
0.00624585 0.0265225
0.00624585 0.0222671
0.00624585 0.0169461
-0.00875415 0.0156016
0.00624585 0.0131917
0.00124585 0.00971622
0.00624585 0.00652626
-0.00375415 0.00731282
-0.0137542 0.00703387
-0.0187542 0.00568942
-0.0137542 0.00463047
-0.0137542 0.00250601
-0.00875415 0.000667052
-0.00375415 -0.000886403
-0.0237542 -0.00251636
-0.0287542 -0.000169788
-0.0237542 0.00111128
-0.0137542 0.00132683
-0.00875415 0.00182789
-0.00875415 0.00126344
-0.0237542 0.000984496
-0.0237542 0.000991051
-0.0237542 0.000921107
0.00124585 -0.000214344
-0.00875415 -0.00106429
-0.0137542 -0.00162874
-0.0187542 -0.00226969
-0.0337542 -0.00262514
-0.0137542 -0.00305708
-0.00875415 -0.00356553
-0.00875415 -0.00405348
