0.000000 1.013392 1.013392 1.013392
0.001001 0.991190 1.013392 1.013392
0.002002 1.167441 1.013392 1.013392
0.003003 1.073364 1.013392 1.013392
0.004004 1.099752 0.991190 1.013392
0.005005 0.872250 0.996091 0.996091
0.006006 0.760328 0.996091 0.996091
0.007007 0.932072 0.996091 0.996091
0.008008 0.996091 0.932072 0.996091
0.009009 1.089356 0.933202 0.996091
0.010010 0.998235 0.996091 0.996091
0.011011 0.870344 0.998235 0.996091
0.012012 0.933202 0.998235 0.996091
0.013013 1.018171 0.945175 0.996091
0.014014 1.083105 0.945175 0.996091
0.015015 0.945175 0.945175 0.996091
0.016016 0.936197 0.945175 0.996091
0.017017 1.000709 0.945175 0.996091
0.018018 0.933015 0.945175 0.996091
0.019019 0.917224 0.963241 0.996091
0.020020 1.061250 0.963241 0.996091
0.021021 0.963241 0.941619 0.971051
0.022022 0.971051 0.963241 0.971051
0.023023 0.908313 0.971051 0.971051
0.024024 0.941619 0.963241 0.971051
0.025025 1.006462 0.971051 0.971051
0.026026 1.004674 0.985577 0.971051
0.027027 0.924927 0.985577 0.971051
0.028028 0.985577 0.985577 0.973930
0.029029 1.147556 0.985577 0.973930
0.030030 0.979352 0.979352 0.973930
0.031031 0.973930 0.985577 0.973930
0.032032 0.986178 0.986178 0.973930
0.033033 0.745660 0.979352 0.973930
0.034034 1.057742 0.986178 0.977383
0.035035 0.996389 0.996389 0.977383
0.036036 0.977383 0.996389 0.977383
0.037037 1.071500 1.057742 0.977383
0.038038 1.157727 1.071500 0.977383
0.039039 0.960773 1.071500 0.977383
0.040040 1.118277 1.071500 0.977383
0.041041 1.179311 1.118277 0.977383
0.042042 0.926865 0.960773 0.977383
0.043043 0.937018 1.118277 0.977383
0.044044 1.207069 1.138309 0.977383
0.045045 0.909699 0.962463 0.977383
0.046046 1.173555 0.969569 0.977383
0.047047 1.138309 1.125357 0.977383
0.048048 0.962463 0.972615 0.977383
0.049049 0.969569 0.995367 0.977383
0.050050 1.125357 0.995367 0.977383
0.051051 0.972615 0.995367 0.977383
0.052052 0.995367 1.008585 0.995367
0.053053 1.079898 1.053996 1.008585
0.054054 1.053996 1.008585 1.008585
0.055055 1.008585 1.053996 1.008585
0.056056 1.135529 1.053996 1.008585
0.057057 1.001385 1.008585 1.008585
0.058058 1.075136 1.008585 1.008585
0.059059 0.842509 1.001385 1.008585
0.060060 0.976262 0.992040 1.008585
0.061061 1.033649 0.976262 1.008585
0.062062 0.992040 0.976262 1.008585
0.063063 0.945913 0.992040 1.008585
0.064064 0.861957 1.033649 1.008585
0.065065 1.171655 1.041811 1.041811
0.066066 1.041811 1.041811 1.041811
0.067067 1.152496 1.068648 1.041811
0.068068 1.068648 1.068648 1.041811
0.069069 0.941144 1.068648 1.041811
0.070070 1.131675 1.068648 1.041811
0.071071 0.916702 0.991457 1.041811
0.072072 1.077396 0.991457 1.041811
0.073073 0.919648 1.039777 1.041811
0.074074 0.991457 1.039777 1.041811
0.075075 1.149620 1.077396 1.041811
0.076076 1.039777 1.149620 1.041811
0.077077 1.333843 1.149620 1.066747
0.078078 1.180094 1.149620 1.066747
0.079079 1.175628 1.066747 1.066747
0.080080 1.066747 1.066747 1.066747
0.081081 0.894983 1.045508 1.045508
0.082082 1.032937 1.032937 1.045508
0.083083 1.045508 0.938610 1.045508
0.084084 0.765299 0.899866 0.938610
0.085085 0.938610 0.938610 0.938610
0.086086 0.783820 0.918244 0.938610
0.087087 0.899866 0.918244 0.938610
0.088088 0.953773 0.938610 0.938610
0.089089 0.918244 0.918244 0.938610
0.090090 1.018439 0.918244 0.938610
0.091091 0.960508 0.953773 0.938610
0.092092 0.833044 0.960508 0.938610
0.093093 0.905485 1.000357 0.938610
0.094094 1.000357 1.000357 1.000357
0.095095 1.115574 1.011220 1.011220
0.096096 1.187743 1.018121 1.011220
0.097097 1.011220 1.018121 1.011220
0.098098 1.018121 1.018121 1.011220
0.099099 1.127830 1.011220 1.011220
0.100100 -0.942894 -0.798267 -0.798267
0.101101 -1.047091 -0.798267 -0.798267
0.102102 -0.953664 -0.942894 -0.798267
0.103103 -0.798267 -0.953664 -0.798267
0.104104 -0.785030 -1.037108 -0.798267
0.105105 -1.037108 -1.037108 -1.037108
0.106106 -1.074429 -1.038247 -1.038247
0.107107 -1.128072 -1.038247 -1.038247
0.108108 -1.138866 -1.074429 -1.038247
0.109109 -1.038247 -1.104828 -1.038247
0.110110 -0.851868 -1.104828 -1.038247
0.111111 -1.133167 -1.038247 -1.038247
0.112112 -1.104828 -1.014377 -1.038247
0.113113 -1.014377 -0.981914 -1.014377
0.114114 -0.981914 -0.981914 -0.981914
0.115115 -0.766508 -0.981914 -0.981914
0.116116 -0.964830 -0.964830 -0.981914
0.117117 -0.962859 -0.964830 -0.981914
0.118118 -1.072111 -0.962859 -0.981914
0.119119 -0.827322 -0.962859 -0.981914
0.120120 -1.036341 -0.962859 -0.981914
0.121121 -0.809783 -0.971401 -0.981914
0.122122 -0.959242 -0.971401 -0.981914
0.123123 -1.100144 -0.971401 -0.981914
0.124124 -0.971401 -0.959242 -0.981914
0.125125 -1.033599 -0.959242 -0.981914
0.126126 -0.909272 -0.971401 -0.981914
0.127127 -0.868429 -0.942727 -0.981914
0.128128 -0.920571 -0.942727 -0.981914
0.129129 -1.039569 -0.942727 -0.981914
0.130130 -0.942727 -0.942727 -0.981914
0.131131 -1.063445 -0.980697 -0.981914
0.132132 -1.053542 -1.039569 -0.981914
0.133133 -0.923584 -0.980697 -0.981914
0.134134 -0.980697 -1.045511 -0.981914
0.135135 -1.045511 -0.995902 -0.981914
0.136136 -0.951093 -0.980697 -0.981914
0.137137 -1.046745 -0.980697 -0.981914
0.138138 -0.995902 -0.995902 -0.981914
0.139139 -0.949519 -0.995902 -0.981914
0.140140 -0.717364 -0.995902 -0.981914
0.141141 -1.066168 -0.949519 -0.981914
0.142142 -1.064500 -0.949519 -0.981914
0.143143 -0.823432 -0.965808 -0.981914
0.144144 -0.848632 -1.007814 -0.981914
0.145145 -0.965808 -1.007814 -0.981914
0.146146 -1.007814 -1.007814 -1.007814
0.147147 -1.017617 -1.007814 -1.007814
0.148148 -1.241573 -1.007814 -1.007814
0.149149 -1.096119 -1.013401 -1.007814
0.150150 -1.001898 -1.013401 -1.007814
0.151151 -1.004153 -1.004153 -1.007814
0.152152 -1.013401 -1.004153 -1.007814
0.153153 -0.988305 -1.004153 -1.007814
0.154154 -0.930549 -1.005780 -1.007814
0.155155 -1.067372 -1.005780 -1.007814
0.156156 -1.005780 -0.998717 -1.007814
0.157157 -1.015813 -1.005780 -1.007814
0.158158 -0.998717 -1.005780 -1.007814
0.159159 -0.863679 -1.005780 -1.007814
0.160160 -1.136045 -0.998717 -1.007814
0.161161 -0.903092 -0.967850 -1.007814
0.162162 -1.106479 -0.967850 -1.007814
0.163163 -0.938953 -0.967850 -0.971655
0.164164 -0.967850 -0.967850 -0.971655
0.165165 -0.971655 -0.971655 -0.971655
0.166166 -0.928571 -0.967850 -0.971655
0.167167 -1.022612 -0.971655 -0.971655
0.168168 -0.981399 -0.981399 -0.971655
0.169169 -0.900799 -1.022612 -0.971655
0.170170 -1.044069 -1.022612 -0.971655
0.171171 -1.069476 -1.034055 -0.971655
0.172172 -1.132120 -1.044069 -0.971655
0.173173 -0.905177 -1.044069 -0.971655
0.174174 -1.034055 -1.069476 -0.971655
0.175175 -1.095702 -1.034055 -0.971655
0.176176 -0.874021 -0.994997 -0.971655
0.177177 -1.167346 -0.994997 -0.971655
0.178178 -0.883632 -0.960145 -0.971655
0.179179 -0.994997 -0.883632 -0.971655
0.180180 -0.960145 -0.960145 -0.971655
0.181181 -0.777616 -0.960145 -0.971655
0.182182 -0.857104 -0.994997 -0.971655
0.183183 -1.022139 -1.022139 -1.022139
0.184184 -1.051866 -1.022139 -1.022139
0.185185 -1.141736 -1.051866 -1.022139
0.186186 -1.078396 -1.051866 -1.022139
0.187187 -1.008043 -1.051866 -1.022139
0.188188 -1.084173 -1.051096 -1.022139
0.189189 -0.875380 -1.051096 -1.022139
0.190190 -1.021183 -1.021183 -1.022139
0.191191 -1.051096 -1.021183 -1.022139
0.192192 -1.077697 -0.947963 -1.022139
0.193193 -0.947963 -1.021183 -1.022139
0.194194 -0.794787 -0.966380 -1.022139
0.195195 -0.911884 -0.966380 -1.022139
0.196196 -1.031894 -0.966380 -1.022139
0.197197 -0.966380 -0.966380 -1.022139
0.198198 -1.018746 -0.966380 -1.022139
0.199199 -1.036727 -0.966380 -1.022139
0.200200 1.006607 0.986276 0.986276
0.201201 1.054580 0.986276 0.986276
0.202202 1.007550 0.986276 0.986276
0.203203 0.986276 1.006607 0.986276
0.204204 0.954824 1.007550 0.986276
0.205205 0.852908 0.986276 0.986276
0.206206 1.065333 0.954824 0.986276
0.207207 1.068682 0.929528 0.986276
0.208208 0.830604 0.929528 0.986276
0.209209 0.929528 1.065333 0.986276
0.210210 0.926479 1.068682 0.986276
0.211211 1.075258 1.075258 1.075258
0.212212 1.130040 1.075258 1.075258
0.213213 1.077117 1.075258 1.075258
0.214214 1.103507 1.077117 1.075258
0.215215 0.933721 1.077455 1.075258
0.216216 1.064553 1.077117 1.075258
0.217217 1.083792 1.064553 1.075258
0.218218 1.077455 1.064553 1.075258
0.219219 0.970880 1.064553 1.075258
0.220220 1.029817 1.077455 1.075258
0.221221 1.099270 1.029817 1.075258
0.222222 0.850993 0.970880 1.075258
0.223223 1.167110 0.978298 1.075258
0.224224 0.853920 0.873921 0.978298
0.225225 0.873921 0.873921 0.978298
0.226226 0.978298 0.873921 0.978298
0.227227 0.808870 0.873921 0.978298
0.228228 0.987740 0.976703 0.978298
0.229229 0.749353 0.978298 0.978298
0.230230 1.032934 0.987740 0.978298
0.231231 0.976703 0.989241 0.978298
0.232232 1.032472 0.989241 0.978298
0.233233 0.989241 0.989241 0.978298
0.234234 1.014932 0.989241 0.978298
0.235235 0.935244 1.014148 0.978298
0.236236 0.986942 1.014148 0.986942
0.237237 1.060568 1.014148 0.986942
0.238238 1.014148 0.998139 0.986942
0.239239 1.045752 1.014148 0.986942
0.240240 0.933664 1.014148 0.986942
0.241241 0.998139 0.998139 0.986942
0.242242 1.121821 0.933664 0.986942
0.243243 0.731363 0.933664 0.986942
0.244244 0.876419 0.937800 0.986942
0.245245 0.836826 0.937800 0.986942
0.246246 1.106871 0.933816 0.986942
0.247247 0.937800 0.937800 0.986942
0.248248 0.964280 0.937800 0.986942
0.249249 0.933816 0.964280 0.986942
0.250250 1.267770 0.958790 0.986942
0.251251 0.806962 0.964280 0.986942
0.252252 1.038791 1.038791 0.986942
0.253253 0.958790 1.038791 0.986942
0.254254 1.096977 0.958790 0.986942
0.255255 1.169623 1.038791 0.986942
0.256256 0.876329 0.987048 0.986942
0.257257 0.914208 0.987048 0.986942
0.258258 1.116598 0.987048 0.986942
0.259259 0.987048 0.961421 0.986942
0.260260 0.879691 0.962462 0.986942
0.261261 1.110347 0.968402 0.986942
0.262262 0.961421 0.968402 0.979114
0.263263 0.962462 0.968402 0.979114
0.264264 0.968402 0.979114 0.979114
0.265265 0.979114 0.968402 0.979114
0.266266 1.032279 0.968402 0.979114
0.267267 1.017372 0.979114 0.979114
0.268268 0.945319 0.979114 0.979114
0.269269 0.944262 1.017372 0.979114
0.270270 1.138088 0.997787 0.979114
0.271271 0.886344 0.997787 0.979114
0.272272 1.040078 0.997787 0.979114
0.273273 0.997787 0.997787 0.979114
0.274274 1.121320 0.988147 0.979114
0.275275 0.973989 0.997787 0.979114
0.276276 0.988147 0.988147 0.979114
0.277277 0.918430 0.988147 0.979114
0.278278 1.056636 0.988147 0.979114
0.279279 0.933528 0.988147 0.979114
0.280280 1.053830 1.053830 0.979114
0.281281 1.055011 1.053830 0.979114
0.282282 0.907715 1.053830 0.979114
0.283283 1.195056 1.055011 1.032876
0.284284 1.032876 1.055011 1.032876
0.285285 1.105013 1.055517 1.032876
0.286286 1.055517 1.105013 1.032876
0.287287 1.007373 1.055517 1.032876
0.288288 1.116544 1.055517 1.032876
0.289289 1.164682 1.037840 1.032876
0.290290 1.037840 1.009883 1.032876
0.291291 0.987761 1.037840 1.032876
0.292292 1.009883 1.009883 1.032876
0.293293 0.939728 1.009883 1.032876
0.294294 1.081717 0.987761 1.032876
0.295295 0.953627 0.953627 1.032876
0.296296 1.085279 0.939728 1.032876
0.297297 0.936744 0.936744 0.936744
0.298298 0.897699 0.906055 0.906055
0.299299 0.906055 0.897699 0.906055
0.300300 -0.995125 -0.916487 -0.916487
0.301301 -0.916487 -0.932416 -0.916487
0.302302 -1.013257 -0.995125 -0.932416
0.303303 -1.150853 -0.995125 -0.932416
0.304304 -0.932416 -0.975364 -0.932416
0.305305 -1.000858 -0.975364 -0.932416
0.306306 -0.975364 -0.975364 -0.932416
0.307307 -0.885650 -0.975364 -0.932416
0.308308 -0.860636 -1.000858 -0.932416
0.309309 -1.055208 -0.975364 -0.932416
0.310310 -1.141977 -0.988565 -0.932416
0.311311 -1.058503 -0.988565 -0.932416
0.312312 -0.894889 -1.055208 -0.932416
0.313313 -0.988565 -0.988565 -0.932416
0.314314 -0.978403 -0.978403 -0.932416
0.315315 -1.082404 -0.978403 -0.932416
0.316316 -0.884420 -0.978403 -0.932416
0.317317 -0.716201 -0.978403 -0.932416
0.318318 -0.981999 -0.981999 -0.932416
0.319319 -0.930800 -0.930800 -0.932416
0.320320 -1.030369 -0.981999 -0.932416
0.321321 -1.265205 -1.030369 -0.932416
0.322322 -0.899489 -1.090589 -0.932416
0.323323 -1.090589 -1.090589 -0.945577
0.324324 -1.100610 -1.094045 -0.945577
0.325325 -1.131515 -1.090589 -0.945577
0.326326 -0.945577 -1.090589 -0.945577
0.327327 -1.094045 -1.094045 -0.945577
0.328328 -0.943864 -1.062146 -0.945577
0.329329 -0.995991 -1.025363 -0.995991
0.330330 -1.145327 -1.025363 -0.995991
0.331331 -1.062146 -0.995991 -0.995991
0.332332 -1.025363 -1.025363 -0.995991
0.333333 -0.965019 -1.025363 -0.995991
0.334334 -0.961221 -1.011833 -0.995991
0.335335 -1.084413 -0.989153 -0.995991
0.336336 -0.954786 -0.987399 -0.995991
0.337337 -1.011833 -0.987399 -0.995991
0.338338 -0.989153 -0.989153 -0.995991
0.339339 -0.987399 -0.989153 -0.995991
0.340340 -0.853203 -0.996738 -0.995991
0.341341 -1.155231 -0.996738 -0.996738
0.342342 -0.996738 -1.005604 -0.996738
0.343343 -1.005604 -1.005604 -0.996738
0.344344 -1.226129 -1.100704 -0.996738
0.345345 -1.100704 -1.005604 -0.996738
0.346346 -0.978910 -1.005604 -0.996738
0.347347 -1.107348 -1.058052 -0.996738
0.348348 -0.992635 -0.992635 -0.996738
0.349349 -0.980931 -0.980931 -0.996738
0.350350 -1.058052 -0.992635 -0.996738
0.351351 -0.771305 -0.992635 -0.996738
0.352352 -0.932188 -1.058052 -0.996738
0.353353 -1.082284 -1.058052 -0.996738
0.354354 -1.113189 -0.932188 -0.996738
0.355355 -1.126075 -1.012862 -0.996738
0.356356 -0.894258 -1.012862 -0.996738
0.357357 -0.775181 -0.944488 -0.996738
0.358358 -1.012862 -0.894258 -0.996738
0.359359 -0.891133 -0.891133 -0.944488
0.360360 -0.944488 -0.891133 -0.944488
0.361361 -0.862502 -0.931726 -0.944488
0.362362 -0.859313 -0.931726 -0.944488
0.363363 -1.023125 -0.944488 -0.944488
0.364364 -0.931726 -0.931726 -0.944488
0.365365 -0.998059 -0.998059 -0.944488
0.366366 -1.027395 -0.998059 -0.944488
0.367367 -0.866360 -0.998059 -0.944488
0.368368 -1.001268 -0.998059 -0.944488
0.369369 -0.969452 -1.001268 -0.944488
0.370370 -1.057421 -0.975792 -0.944488
0.371371 -0.873957 -0.975792 -0.944488
0.372372 -1.015086 -0.975792 -0.944488
0.373373 -0.975792 -0.975792 -0.944488
0.374374 -0.935769 -0.975792 -0.944488
0.375375 -1.145432 -1.007669 -0.944488
0.376376 -0.892147 -0.975792 -0.944488
0.377377 -1.076760 -1.007669 -0.944488
0.378378 -1.007669 -1.042330 -0.944488
0.379379 -0.913363 -1.042330 -0.944488
0.380380 -1.084825 -1.042330 -0.992801
0.381381 -1.042330 -1.007669 -0.992801
0.382382 -1.089807 -0.992801 -0.992801
0.383383 -0.992801 -0.992801 -0.992801
0.384384 -0.975382 -0.978509 -0.978509
0.385385 -0.978509 -0.978509 -0.978509
0.386386 -0.835577 -0.975382 -0.978509
0.387387 -0.973500 -0.973500 -0.978509
0.388388 -1.001632 -0.942696 -0.978509
0.389389 -0.925964 -0.942696 -0.978509
0.390390 -0.942696 -0.942696 -0.978509
0.391391 -0.824995 -0.942696 -0.978509
0.392392 -1.228095 -0.925964 -0.978509
0.393393 -0.886478 -0.942696 -0.978509
0.394394 -1.027876 -0.917555 -0.978509
0.395395 -0.778815 -1.027876 -0.978509
0.396396 -1.052251 -1.027876 -0.978509
0.397397 -0.917555 -1.027876 -0.978509
0.398398 -1.218049 -0.917555 -0.978509
0.399399 -1.234098 -0.917555 -0.978509
0.400400 1.033670 0.915335 0.915335
0.401401 0.915335 0.995140 0.915335
0.402402 1.079662 0.995140 0.915335
0.403403 1.016567 0.995140 0.915335
0.404404 0.995140 0.980236 0.915335
0.405405 0.833239 0.980236 0.915335
0.406406 0.827633 0.980236 0.915335
0.407407 0.980236 0.980236 0.974061
0.408408 0.974061 0.974061 0.974061
0.409409 1.036462 0.980236 0.974061
0.410410 1.013655 1.012310 0.974061
0.411411 0.967479 1.013655 0.974061
0.412412 1.012310 1.036462 1.012310
0.413413 1.114161 1.013655 1.012310
0.414414 1.084870 1.084870 1.012310
0.415415 1.143169 1.084870 1.012310
0.416416 0.928768 1.084870 1.012310
0.417417 1.152667 0.990423 1.012310
0.418418 0.990423 0.990423 0.994635
0.419419 0.990405 0.990423 0.994635
0.420420 0.900778 0.990423 0.994635
0.421421 0.994635 0.990405 0.994635
0.422422 1.081658 0.990405 0.994635
0.423423 0.982925 0.982925 0.994635
0.424424 0.969630 0.994635 0.994635
0.425425 1.038684 0.998721 0.994635
0.426426 0.952673 0.998721 0.994635
0.427427 1.042233 1.038684 0.998721
0.428428 0.998721 1.042233 0.998721
0.429429 1.067383 1.045432 1.045432
0.430430 1.053154 1.045432 1.045432
0.431431 1.108807 1.045432 1.045432
0.432432 1.045432 1.053154 1.045432
0.433433 1.014645 1.045432 1.045432
0.434434 0.985161 1.026470 1.045432
0.435435 1.116414 1.014645 1.045432
0.436436 1.026470 0.985161 1.026470
0.437437 0.898915 0.983648 0.983648
0.438438 0.983648 0.972407 0.983648
0.439439 0.972407 0.972407 0.974419
0.440440 0.938105 0.972407 0.974419
0.441441 0.908041 0.974419 0.974419
0.442442 0.974419 0.974419 0.974419
0.443443 1.009199 0.974419 0.974419
0.444444 1.081841 0.974419 0.974419
0.445445 1.104344 0.974419 0.974419
0.446446 0.817090 1.009199 0.974419
0.447447 0.945641 1.024809 0.974419
0.448448 0.944475 0.945641 0.974419
0.449449 1.024809 0.945641 0.974419
0.450450 1.088122 1.024809 0.974419
0.451451 0.930830 1.088122 0.974419
0.452452 1.190865 1.088122 0.974419
0.453453 1.119551 1.088122 0.974419
0.454454 1.173042 1.037794 0.974419
0.455455 0.906440 1.037794 0.974419
0.456456 1.037794 1.037794 0.974419
0.457457 0.985984 0.985984 0.974419
0.458458 0.911667 0.985984 0.974419
0.459459 1.156843 0.985984 0.974419
0.460460 0.918847 0.985984 0.974419
0.461461 1.248386 0.918847 0.974419
0.462462 0.880343 0.918847 0.974419
0.463463 1.070315 0.918847 0.974419
0.464464 0.899536 0.927855 0.945224
0.465465 0.816511 0.899536 0.945224
0.466466 0.927855 0.927855 0.945224
0.467467 0.945224 0.921068 0.945224
0.468468 0.882944 0.927855 0.945224
0.469469 1.243633 0.945224 0.945224
0.470470 0.921068 1.035685 0.945224
0.471471 1.105427 1.073244 1.035685
0.472472 1.035685 1.073244 1.035685
0.473473 1.114231 1.035685 1.035685
0.474474 1.073244 1.035685 1.035685
0.475475 0.944953 1.035685 1.035685
0.476476 0.836672 0.944953 1.035685
0.477477 0.896687 0.944953 1.035685
0.478478 1.078094 0.944953 1.035685
0.479479 0.879165 0.970868 1.035685
0.480480 1.061934 1.010889 1.035685
0.481481 0.970868 1.010889 1.035685
0.482482 1.010889 0.995403 1.035685
0.483483 1.095526 0.995403 1.035685
0.484484 0.995403 0.995403 1.017179
0.485485 0.943299 0.995403 1.017179
0.486486 0.952845 0.952845 1.017179
0.487487 1.017179 0.952356 1.017179
0.488488 0.952356 0.943299 0.952356
0.489489 0.922158 0.952356 0.952356
0.490490 0.924796 0.924796 0.952356
0.491491 0.902148 0.924796 0.952356
0.492492 1.116699 0.924796 0.952356
0.493493 0.886781 1.032454 0.952356
0.494494 1.056146 1.032454 1.012846
0.495495 1.032454 1.056146 1.012846
0.496496 1.128205 1.037536 1.012846
0.497497 1.012846 1.037536 1.012846
0.498498 1.092972 1.032454 1.012846
0.499499 1.037536 1.012846 1.012846
0.500501 -1.001848 -0.922699 -0.922699
0.501502 -0.987462 -0.987462 -0.922699
0.502503 -1.038674 -0.996367 -0.922699
0.503504 -0.922699 -0.996367 -0.922699
0.504505 -1.129106 -0.987462 -0.922699
0.505506 -0.996367 -0.996367 -0.922699
0.506507 -0.740711 -0.978921 -0.922699
0.507508 -0.978921 -0.996367 -0.922699
0.508509 -1.099845 -0.996367 -0.922699
0.509510 -0.922510 -0.978921 -0.922699
0.510511 -1.037193 -0.978921 -0.933620
0.511512 -1.012562 -1.012562 -0.933620
0.512513 -0.964857 -0.965026 -0.933620
0.513514 -0.933620 -1.012562 -0.933620
0.514515 -1.091809 -1.009397 -0.965026
0.515516 -0.965026 -1.009397 -0.965026
0.516517 -1.088903 -1.041278 -1.009397
0.517518 -1.009397 -1.075060 -1.009397
0.518519 -1.041278 -1.041278 -1.009397
0.519520 -1.120630 -1.041278 -1.009397
0.520521 -1.075060 -1.041278 -1.009397
0.521522 -0.931622 -1.075060 -1.009397
0.522523 -0.924344 -1.075060 -1.009397
0.523524 -1.089267 -1.057970 -1.012578
0.524525 -1.098603 -1.012578 -1.012578
0.525526 -1.012578 -1.012578 -1.012578
0.526527 -1.057970 -1.012578 -1.012578
0.527528 -0.925645 -1.012578 -1.012578
0.528529 -0.900765 -0.969156 -1.012578
0.529530 -0.969156 -0.946823 -1.012578
0.530531 -1.123824 -0.925645 -1.012578
0.531532 -0.805045 -0.946823 -1.012578
0.532533 -0.946823 -0.969156 -1.012578
0.533534 -0.887435 -0.951774 -1.012578
0.534535 -1.126562 -0.951774 -1.012578
0.535536 -1.099649 -0.951774 -1.012578
0.536537 -0.951774 -0.951774 -0.988341
0.537538 -0.988341 -0.988341 -0.988341
0.538539 -0.896448 -0.951774 -0.988341
0.539540 -0.817105 -0.951774 -0.988341
0.540541 -1.103667 -0.960359 -0.988341
0.541542 -0.857447 -0.960359 -0.988341
0.542543 -0.960359 -0.960359 -0.988341
0.543544 -0.985688 -0.960359 -0.988341
0.544545 -1.091140 -0.857447 -0.988341
0.545546 -0.837472 -0.960359 -0.988341
0.546547 -0.809949 -0.960556 -0.988341
0.547548 -0.815240 -0.960556 -0.988341
0.548549 -1.008858 -0.960556 -0.988341
0.549550 -0.960556 -1.008858 -0.988341
0.550551 -1.103693 -1.008858 -0.988341
0.551552 -1.071774 -1.018721 -0.988341
0.552553 -1.018721 -1.054117 -0.988341
0.553554 -0.779820 -1.054117 -0.988341
0.554555 -1.054117 -1.054117 -1.029304
0.555556 -1.096938 -1.054117 -1.029304
0.556557 -1.029304 -1.054117 -1.029304
0.557558 -1.057701 -1.054117 -1.029304
0.558559 -1.058982 -1.029304 -1.029304
0.559560 -0.983257 -1.029304 -1.029304
0.560561 -0.934961 -0.983257 -1.029304
0.561562 -0.845732 -0.981656 -1.029304
0.562563 -1.114829 -0.934961 -1.029304
0.563564 -0.903578 -0.934961 -1.029304
0.564565 -0.981656 -0.981656 -1.029304
0.565566 -0.885808 -0.984766 -1.029304
0.566567 -1.094164 -0.984766 -1.029304
0.567568 -0.984766 -0.992331 -1.029304
0.568569 -0.992331 -0.992331 -1.029304
0.569570 -1.108422 -1.008850 -1.029304
0.570571 -1.008850 -0.992331 -1.029304
0.571572 -0.947116 -0.992331 -1.029304
0.572573 -1.044118 -1.001552 -1.029304
0.573574 -0.922465 -1.001552 -1.029304
0.574575 -0.962390 -1.000724 -1.029304
0.575576 -1.001552 -1.000724 -1.029304
0.576577 -1.032196 -1.000724 -1.029304
0.577578 -1.000724 -1.001552 -1.029304
0.578579 -0.969995 -1.001552 -1.029304
0.579580 -1.090725 -1.030514 -1.029304
0.580581 -1.061230 -1.030514 -1.029304
0.581582 -0.991319 -1.030514 -1.029304
0.582583 -1.030514 -1.030514 -1.029304
0.583584 -1.066191 -1.030514 -1.029304
0.584585 -0.954107 -0.991319 -1.029304
0.585586 -0.779156 -0.969716 -1.029304
0.586587 -1.069758 -0.954107 -1.029304
0.587588 -0.969716 -0.954107 -1.002956
0.588589 -0.743242 -0.969716 -1.002956
0.589590 -0.951760 -1.002956 -1.002956
0.590591 -1.002956 -1.002956 -1.002956
0.591592 -1.085492 -1.085492 -1.085492
0.592593 -1.089551 -1.085492 -1.085492
0.593594 -1.086053 -1.085492 -1.085492
0.594595 -1.110056 -1.085492 -1.085492
0.595596 -1.021996 -1.072438 -1.072438
0.596597 -1.072438 -1.072438 -1.072438
0.597598 -1.043094 -1.043094 -1.072438
0.598599 -0.901986 -1.021996 -1.072438
0.599600 -1.128909 -0.901986 -1.072438
0.600601 0.970657 0.892529 0.892529
0.601602 0.892529 0.920892 0.892529
0.602603 0.920892 0.970657 0.920892
0.603604 1.095492 0.970657 0.944694
0.604605 1.066045 0.944694 0.944694
0.605606 1.140103 0.944694 0.944694
0.606607 0.944694 0.944694 0.944694
0.607608 0.864106 0.944694 0.944694
0.608609 0.781177 0.944694 0.944694
0.609610 0.779575 0.944694 0.944694
0.610611 0.947531 0.947531 0.947531
0.611612 1.066546 0.950324 0.950324
0.612613 0.950324 0.981624 0.950324
0.613614 1.079367 0.981624 0.950324
0.614615 0.981624 1.027965 0.950324
0.615616 1.098933 1.027965 0.950324
0.616617 0.920009 1.069023 0.950324
0.617618 1.027965 1.027965 0.978972
0.618619 1.069023 1.027965 0.978972
0.619620 1.155675 1.027203 0.978972
0.620621 0.978972 1.027203 0.978972
0.621622 1.006711 1.009979 1.006711
0.622623 1.027203 1.007877 1.006711
0.623624 1.009979 1.006711 1.006711
0.624625 1.007877 1.006711 1.006711
0.625626 1.000107 1.007877 1.006711
0.626627 0.816269 1.007877 1.006711
0.627628 0.833719 1.007877 1.006711
0.628629 1.112972 1.006380 1.006711
0.629630 1.046157 1.006380 1.006711
0.630631 1.117500 1.006380 1.006711
0.631632 1.006380 1.046157 1.006711
0.632633 0.840640 1.046157 1.006711
0.633634 0.905722 1.006380 1.006711
0.634635 1.148664 1.006380 1.006711
0.635636 1.129631 0.991007 1.006711
0.636637 0.991007 0.991007 1.006711
0.637638 1.117614 0.991007 1.006711
0.638639 0.822380 0.991007 1.006711
0.639640 0.989991 0.989991 1.006711
0.640641 0.806354 0.989991 1.006711
0.641642 1.025584 0.989991 1.006711
0.642643 0.980950 1.025584 1.006711
0.643644 1.071078 1.025584 1.008575
0.644645 1.046765 1.025584 1.008575
0.645646 1.074255 1.033308 1.008575
0.646647 1.008575 1.033308 1.008575
0.647648 0.942786 1.033308 1.008575
0.648649 1.033308 1.019651 1.008575
0.649650 1.001322 1.008575 1.008575
0.650651 1.076166 1.019651 1.008575
0.651652 1.019651 1.033308 1.008575
0.652653 0.883037 1.053398 1.008575
0.653654 1.079249 1.053398 1.008575
0.654655 1.053398 1.053398 1.008575
0.655656 1.080504 1.053398 1.008575
0.656657 0.952499 1.053398 1.008575
0.657658 1.167163 0.989525 1.008575
0.658659 0.989525 0.952976 0.989525
0.659660 0.880931 0.952499 0.952976
0.660661 0.952976 0.952976 0.952976
0.661662 0.769248 0.952976 0.952976
0.662663 0.734106 0.952976 0.952976
0.663664 1.186583 0.952976 0.952976
0.664665 0.985570 0.913157 0.952976
0.665666 1.092416 0.985570 0.952976
0.666667 0.913157 0.985570 0.952976
0.667668 0.897221 0.985570 0.952976
0.668669 1.006310 1.006310 0.970026
0.669670 0.970026 0.970026 0.970026
0.670671 1.023602 0.970026 0.970026
0.671672 1.147413 1.006310 0.970026
0.672673 0.874538 0.977717 0.970026
0.673674 0.862297 0.989969 0.970026
0.674675 1.182952 0.977717 0.970026
0.675676 0.977717 0.977717 0.970026
0.676677 0.989969 0.989969 0.970026
0.677678 0.869557 0.989969 0.970026
0.678679 1.046425 0.989969 0.970026
0.679680 1.005145 0.989969 0.970026
0.680681 0.894338 0.970871 0.970026
0.681682 1.086951 0.970871 0.970026
0.682683 0.948711 0.970871 0.970026
0.683684 0.970871 0.948711 0.970026
0.684685 0.933560 0.948711 0.970026
0.685686 1.109971 0.948711 0.970026
0.686687 0.814965 0.941825 0.970026
0.687688 0.941825 0.941825 0.970026
0.688689 1.064734 1.014226 0.970026
0.689690 0.833250 1.014226 0.970026
0.690691 1.014226 1.014226 0.970026
0.691692 1.048965 1.014226 0.970026
0.692693 1.155149 0.981877 0.970026
0.693694 0.875025 0.981877 0.970026
0.694695 0.981877 0.981877 0.970026
0.695696 0.957818 0.981877 0.970026
0.696697 0.911143 0.957818 0.970026
0.697698 1.059730 0.957818 0.970026
0.698699 1.006925 0.939637 0.970026
0.699700 0.939637 0.911143 0.939637
0.700701 -0.911019 -0.906186 -0.906186
0.701702 -0.906186 -0.911019 -0.906186
0.702703 -1.110617 -0.913814 -0.913814
0.703704 -0.913814 -0.993275 -0.913814
0.704705 -0.993275 -0.993275 -0.913814
0.705706 -1.192603 -1.046887 -0.913814
0.706707 -1.108023 -1.046887 -0.913814
0.707708 -0.911053 -1.047154 -0.913814
0.708709 -1.046887 -1.047154 -0.927873
0.709710 -1.062364 -1.047154 -0.927873
0.710711 -1.047154 -1.046887 -0.927873
0.711712 -0.927873 -1.047154 -0.927873
0.712713 -1.166649 -1.062364 -0.971158
0.713714 -0.971158 -1.047154 -0.971158
0.714715 -1.143378 -1.087565 -0.971158
0.715716 -1.107369 -1.087565 -0.971158
0.716717 -0.820283 -1.087565 -0.971158
0.717718 -1.087565 -1.087565 -1.017027
0.718719 -1.017027 -1.059867 -1.017027
0.719720 -1.136362 -1.017027 -1.017027
0.720721 -1.059867 -1.059867 -1.017027
0.721722 -0.925779 -1.059867 -1.017027
0.722723 -1.006464 -1.068214 -1.017027
0.723724 -1.126647 -1.059867 -1.017027
0.724725 -1.068214 -1.006464 -1.017027
0.725726 -1.085730 -1.068214 -1.017027
0.726727 -0.837002 -1.068214 -1.017027
0.727728 -0.735864 -0.984632 -1.017027
0.728729 -1.153167 -0.984632 -1.017027
0.729730 -0.984632 -0.914208 -1.017027
0.730731 -0.862189 -0.978263 -1.017027
0.731732 -1.090935 -0.978263 -1.017027
0.732733 -0.914208 -0.978263 -1.017027
0.733734 -0.978263 -0.952004 -1.017027
0.734735 -0.951601 -0.978263 -1.017027
0.735736 -1.224286 -0.952004 -1.017027
0.736737 -0.952004 -0.952004 -1.017027
0.737738 -1.055500 -0.952004 -1.017027
0.738739 -0.929464 -0.955044 -1.017027
0.739740 -0.822103 -0.955044 -1.017027
0.740741 -0.955044 -1.045408 -1.017027
0.741742 -1.165534 -1.026513 -1.026513
0.742743 -1.045408 -1.045408 -1.026513
0.743744 -1.056825 -1.045408 -1.026513
0.744745 -1.026513 -1.045408 -1.026513
0.745746 -1.101514 -1.045408 -1.026513
0.746747 -0.986148 -1.035299 -1.026513
0.747748 -1.035299 -1.026513 -1.026513
0.748749 -1.079721 -1.007938 -1.026513
0.749750 -0.876128 -1.007938 -1.026513
0.750751 -0.873911 -1.007938 -1.026513
0.751752 -1.007938 -1.007938 -1.026513
0.752753 -1.032951 -1.007938 -1.026513
0.753754 -0.869400 -1.014131 -1.026513
0.754755 -1.083610 -1.032951 -1.026513
0.755756 -1.069374 -1.032951 -1.026513
0.756757 -1.014131 -1.014131 -1.026513
0.757758 -1.081904 -1.014131 -1.026513
0.758759 -0.918121 -0.996725 -0.996725
0.759760 -0.959004 -0.996725 -0.996725
0.760761 -0.996725 -0.996725 -0.996725
0.761762 -0.776560 -0.975081 -0.996725
0.762763 -1.084557 -0.996725 -0.996725
0.763764 -1.034342 -1.026880 -0.996725
0.764765 -0.975081 -1.026880 -0.996725
0.765766 -1.137779 -1.034342 -0.996725
0.766767 -1.026880 -1.026880 -0.996725
0.767768 -0.960985 -1.026880 -0.996725
0.768769 -1.048023 -1.026880 -0.996725
0.769770 -1.007062 -1.007062 -0.996725
0.770771 -1.047944 -0.960985 -0.996725
0.771772 -0.944100 -0.944100 -0.944100
0.772773 -0.914600 -0.944100 -0.944100
0.773774 -0.924960 -0.944100 -0.944100
0.774775 -0.856741 -0.944100 -0.944100
0.775776 -0.981180 -0.924960 -0.944100
0.776777 -0.984263 -0.981180 -0.944100
0.777778 -1.059917 -0.981180 -0.944100
0.778779 -0.869323 -0.984263 -0.944100
0.779780 -1.037951 -0.984263 -0.944100
0.780781 -0.890921 -0.939045 -0.944100
0.781782 -1.062185 -0.939045 -0.944100
0.782783 -0.911323 -0.978142 -0.944100
0.783784 -0.939045 -0.978142 -0.944100
0.784785 -1.063107 -1.011504 -0.978142
0.785786 -0.978142 -1.011504 -0.978142
0.786787 -1.011504 -1.011504 -0.978142
0.787788 -1.017804 -1.017804 -0.978142
0.788789 -1.117121 -1.011504 -0.978142
0.789790 -0.940740 -1.017804 -0.978142
0.790791 -1.113807 -1.017804 -0.978142
0.791792 -0.901391 -1.058149 -0.978142
0.792793 -1.106908 -0.974865 -0.978142
0.793794 -0.876389 -1.058149 -0.978142
0.794795 -1.058149 -0.974865 -0.978142
0.795796 -0.974865 -0.974865 -0.978142
0.796797 -1.189802 -0.974865 -0.978142
0.797798 -0.912651 -0.974865 -0.978142
0.798799 -0.879006 -0.912651 -0.978142
0.799800 -0.985442 -0.879006 -0.978142
0.800801 1.023632 0.843021 0.843021
0.801802 0.995685 0.949317 0.843021
0.802803 1.018838 0.995685 0.843021
0.803804 0.843021 1.018838 0.843021
0.804805 0.949317 1.018838 0.949317
0.805806 1.048800 1.018838 0.949317
0.806807 1.136285 0.958832 0.949317
0.807808 1.032274 1.032274 0.949317
0.808809 0.862087 1.048800 0.949317
0.809810 0.958832 1.032274 0.958832
0.810811 1.079200 1.032274 0.967741
0.811812 1.112963 1.031519 0.967741
0.812813 0.967741 1.065816 0.967741
0.813814 1.183002 1.065816 0.996525
0.814815 1.031519 1.031519 0.996525
0.815816 1.065816 1.023044 0.996525
0.816817 0.996525 1.031519 0.996525
0.817818 0.974504 1.023044 0.996525
0.818819 1.023044 1.023044 0.996525
0.819820 1.120328 1.023044 0.996525
0.820821 0.996234 1.023044 0.996525
0.821822 1.070633 1.060572 0.996525
0.822823 1.134608 1.060572 0.996525
0.823824 0.798514 1.060572 0.996525
0.824825 1.060572 1.070633 0.996525
0.825826 0.977756 1.060572 0.996525
0.826827 1.078943 0.994731 0.996525
0.827828 1.164112 1.003613 0.996525
0.828829 0.994731 1.003613 0.996525
0.829830 0.949198 1.003613 0.996525
0.830831 1.003613 1.000293 0.996525
0.831832 1.056715 1.000293 0.996525
0.832833 0.848661 1.003613 0.996525
0.833834 1.000293 1.003613 0.996525
0.834835 1.079153 1.019520 0.996525
0.835836 1.020737 1.019520 0.996525
0.836837 0.888400 1.019520 0.996525
0.837838 1.019520 1.020737 0.996525
0.838839 1.081925 1.019520 0.996525
0.839840 0.932174 1.005562 0.996525
0.840841 1.106511 1.005562 0.996525
0.841842 0.940557 0.996572 0.996525
0.842843 1.005562 0.981819 0.996525
0.843844 0.926743 0.981819 0.996525
0.844845 0.996572 0.981819 0.996525
0.845846 0.981819 0.981819 0.996525
0.846847 0.950211 0.950211 0.996525
0.847848 1.015902 0.981819 0.996525
0.848849 0.893365 0.981819 0.996525
0.849850 0.833039 0.971493 0.996525
0.850851 1.147515 1.015902 0.996525
0.851852 1.047047 1.047047 0.996525
0.852853 0.971493 1.047047 0.996525
0.853854 1.070280 1.047047 0.996525
0.854855 1.069243 1.041830 0.996525
0.855856 0.899169 0.971493 0.996525
0.856857 1.041830 0.989923 0.996525
0.857858 0.871786 0.971376 0.989923
0.858859 0.971376 0.971376 0.989923
0.859860 0.989923 0.980163 0.989923
0.860861 0.912046 0.971376 0.989923
0.861862 1.119451 0.971376 0.989923
0.862863 0.980163 0.980163 0.989923
0.863864 0.887588 0.923543 0.989923
0.864865 0.923543 0.923543 0.989923
0.865866 1.054477 0.923543 0.989923
0.866867 0.783186 0.923543 0.989923
0.867868 0.902512 0.985315 0.989923
0.868869 1.102924 0.985315 0.989923
0.869870 1.098880 0.963032 0.989923
0.870871 0.985315 0.963032 0.985315
0.871872 0.948365 0.985315 0.985315
0.872873 0.963032 0.985315 0.985315
0.873874 0.826784 0.985315 0.985315
0.874875 0.989051 0.989051 0.989051
0.875876 1.078874 0.989051 0.989051
0.876877 1.013207 1.013207 0.989051
0.877878 1.046607 1.013207 0.989051
0.878879 0.981190 1.013207 0.989051
0.879880 1.056491 1.013207 0.989051
0.880881 0.984530 0.984530 0.989051
0.881882 0.939341 0.981190 0.989051
0.882883 1.109094 0.961929 0.989051
0.883884 0.961929 0.961929 0.989051
0.884885 0.785377 0.947221 0.989051
0.885886 0.923587 0.961929 0.989051
0.886887 1.015101 0.961929 0.989051
0.887888 0.947221 0.972248 0.989051
0.888889 1.087944 1.015101 0.989051
0.889890 0.972248 1.025127 0.989051
0.890891 1.025127 1.068689 1.025127
0.891892 1.068689 1.068689 1.025127
0.892893 1.155018 1.068340 1.025127
0.893894 1.100955 1.068340 1.025127
0.894895 0.994063 1.068340 1.025127
0.895896 1.068340 1.055374 1.025127
0.896897 1.055374 1.020238 1.025127
0.897898 1.020238 0.994063 1.020238
0.898899 0.989032 0.989032 0.989032
0.899900 0.953212 0.953212 0.953212
0.900901 -1.007789 -1.007789 -1.007789
0.901902 -1.176085 -1.094983 -1.094983
0.902903 -1.164879 -1.094983 -1.094983
0.903904 -1.164542 -1.094983 -1.094983
0.904905 -1.094983 -1.124927 -1.094983
0.905906 -1.006529 -1.094983 -1.094983
0.906907 -0.968188 -1.067852 -1.094983
0.907908 -1.124927 -1.067852 -1.094983
0.908909 -1.067852 -1.037228 -1.094983
0.909910 -1.037228 -1.037228 -1.094983
0.910911 -1.103390 -1.037228 -1.094983
0.911912 -0.945288 -0.967433 -0.967433
0.912913 -0.967433 -0.967433 -0.967433
0.913914 -0.806734 -0.967433 -0.967433
0.914915 -0.901846 -0.945288 -0.967433
0.915916 -1.042688 -0.967433 -0.967433
0.916917 -1.066534 -1.042688 -0.967433
0.917918 -0.921212 -1.063397 -0.967433
0.918919 -1.170383 -1.063397 -0.967433
0.919920 -1.072656 -1.063397 -0.967433
0.920921 -1.063397 -1.034496 -0.967433
0.921922 -0.938396 -1.034496 -0.967433
0.922923 -0.914668 -1.017289 -0.967433
0.923924 -1.034496 -0.964569 -0.967433
0.924925 -1.017289 -0.964569 -0.967433
0.925926 -0.849914 -1.017289 -0.967433
0.926927 -0.964569 -1.017289 -0.967433
0.927928 -1.046299 -0.976907 -0.967433
0.928929 -1.158337 -0.976907 -0.967433
0.929930 -0.976907 -0.977310 -0.967433
0.930931 -0.846939 -0.977310 -0.967433
0.931932 -1.015479 -0.977310 -0.967433
0.932933 -0.977310 -0.977310 -0.967433
0.933934 -0.943085 -0.977310 -0.967433
0.934935 -0.979259 -0.977310 -0.967433
0.935936 -1.096315 -0.977310 -0.967433
0.936937 -0.832212 -0.979259 -0.967433
0.937938 -0.953367 -0.979259 -0.967433
0.938939 -1.112492 -0.953367 -0.967433
0.939940 -1.157141 -0.926518 -0.967433
0.940941 -0.926518 -0.953367 -0.967433
0.941942 -0.845823 -0.926518 -0.967433
0.942943 -0.884902 -0.926518 -0.967433
0.943944 -0.978584 -0.884902 -0.967433
0.944945 -0.847677 -0.884902 -0.967433
0.945946 -1.016207 -0.950823 -0.967433
0.946947 -0.852127 -0.978584 -0.967433
0.947948 -0.950823 -1.016207 -0.967433
0.948949 -1.146084 -1.033939 -1.033939
0.949950 -1.033939 -1.033939 -1.033939
0.950951 -1.117612 -1.033939 -1.033939
0.951952 -1.078361 -1.033939 -1.033939
0.952953 -0.975721 -0.997481 -0.997481
0.953954 -0.884575 -0.997481 -0.997481
0.954955 -0.911318 -0.975721 -0.997481
0.955956 -0.997481 -0.943935 -0.997481
0.956957 -1.079103 -0.924027 -0.997481
0.957958 -0.943935 -0.943935 -0.997481
0.958959 -0.880973 -0.997481 -0.997481
0.959960 -0.924027 -1.059478 -0.997481
0.960961 -1.073152 -1.059478 -1.059478
0.961962 -1.124449 -1.059478 -1.059478
0.962963 -1.059478 -1.059478 -1.059478
0.963964 -1.236161 -1.059478 -1.059478
0.964965 -0.958308 -1.059478 -1.059478
0.965966 -0.873004 -1.059478 -1.059478
0.966967 -0.943995 -1.013754 -1.059478
0.967968 -1.082743 -1.013754 -1.059478
0.968969 -1.067188 -1.030715 -1.059478
0.969970 -1.013754 -1.030715 -1.044710
0.970971 -1.030715 -1.044710 -1.044710
0.971972 -1.044710 -1.030715 -1.044710
0.972973 -0.956291 -1.030715 -1.044710
0.973974 -1.140589 -1.044710 -1.044710
0.974975 -1.012261 -1.044710 -1.044710
0.975976 -1.066830 -1.012261 -1.044710
0.976977 -1.217543 -1.026077 -1.044710
0.977978 -0.944184 -1.012261 -1.026077
0.978979 -0.911439 -0.978617 -1.026077
0.979980 -1.026077 -0.978617 -1.026077
0.980981 -0.839689 -0.978617 -1.026077
0.981982 -0.978617 -0.978617 -1.026077
0.982983 -0.981761 -0.978617 -1.026077
0.983984 -1.044297 -0.978617 -1.026077
0.984985 -0.965432 -0.981761 -1.026077
0.985986 -0.892152 -1.044297 -1.026077
0.986987 -1.051986 -1.044297 -1.026077
0.987988 -1.101437 -0.984559 -1.026077
0.988989 -1.134384 -1.035690 -1.026077
0.989990 -0.837896 -1.035690 -1.026077
0.990991 -0.984559 -1.008052 -1.026077
0.991992 -1.035690 -0.984559 -1.026077
0.992993 -1.008052 -0.951003 -1.008052
0.993994 -0.951003 -0.984559 -1.008052
0.994995 -0.896396 -0.951003 -1.008052
0.995996 -0.939782 -0.951003 -1.008052
0.996997 -1.069954 -0.951003 -1.008052
0.997998 -0.868794 -0.978381 -1.008052
0.998999 -0.978381 -1.061624 -1.008052
1.000000 -1.061624 -1.061624 -1.061624
