160.858498 0.708930
153.694382 0.741807
146.575710 0.774542
139.534574 0.806997
132.602096 0.839039
125.807951 0.870540
119.179936 0.901381
112.743605 0.931456
106.521974 0.960668
100.535303 0.988933
94.800948 1.016182
89.333295 1.042357
84.143746 1.067414
79.240769 1.091323
74.629987 1.114065
70.314304 1.135633
66.294049 1.156030
62.567143 1.175267
59.129258 1.193366
55.973996 1.210352
53.093060 1.226260
50.476432 1.241126
48.112567 1.254992
45.988589 1.267902
44.090518 1.279901
42.403509 1.291035
40.912111 1.301353
39.600542 1.310901
38.452963 1.319726
37.453743 1.327872
36.587705 1.335385
35.840339 1.342306
35.197969 1.348676
34.647884 1.354534
34.178412 1.359918
33.778964 1.364862
33.440030 1.369399
33.153150 1.373561
32.910862 1.377375
32.706633 1.380870
32.534779 1.384071
32.390389 1.387001
32.269236 1.389682
32.167699 1.392134
32.082690 1.394377
32.011584 1.396427
31.952154 1.398300
31.902517 1.400012
31.861086 1.401576
31.826522 1.403005
31.797702 1.404309
31.773680 1.405500
31.753665 1.406587
31.736995 1.407579
31.723115 1.408484
31.711560 1.409310
31.701943 1.410064
31.693941 1.410752
31.687284 1.411379
31.681747 1.411951
31.677142 1.412473
31.673312 1.412949
31.670128 1.413383
31.667481 1.413779
31.665280 1.414139
31.663450 1.414468
31.661930 1.414769
31.660666 1.415042
31.659616 1.415291
31.658743 1.415519
31.658018 1.415726
31.657415 1.415915
31.656914 1.416087
31.656498 1.416244
31.656152 1.416388
31.655865 1.416518
31.655626 1.416637
31.655428 1.416745
31.655263 1.416844
31.655126 1.416934
31.655013 1.417017
31.654918 1.417091
31.654840 1.417160
31.654774 1.417222
31.654720 1.417279
31.654675 1.417331
31.654637 1.417378
31.654606 1.417421
31.654580 1.417460
31.654559 1.417496
31.654541 1.417529
31.654526 1.417559
31.654513 1.417587
31.654503 1.417612
31.654494 1.417635
31.654487 1.417657
31.654480 1.417676
31.654475 1.417695
31.654471 1.417712
31.654467 1.417728
31.654464 1.417743
31.654461 1.417758
31.654458 1.417772
31.654456 1.417786
31.654454 1.417801
31.654452 1.417815
31.654450 1.417830
31.654448 1.417846
31.654446 1.417863
31.654445 1.417882
31.654443 1.417903
31.654441 1.417926
31.654439 1.417954
31.654437 1.417985
31.654435 1.418022
31.654432 1.418066
31.654430 1.418117
31.654427 1.418178
31.654424 1.418250
31.654421 1.418337
31.654418 1.418441
31.654414 1.418565
31.654410 1.418714
31.654405 1.418893
31.654400 1.419108
31.654394 1.419366
31.654388 1.419676
31.654382 1.420049
31.654375 1.420498
31.654367 1.421037
31.654358 1.421685
31.654349 1.422465
31.654338 1.423403
31.654327 1.424530
31.654314 1.425885
31.654300 1.427514
31.654285 1.429470
31.654269 1.431820
31.654251 1.434642
31.654231 1.438028
31.654209 1.442091
31.654185 1.446961
31.654159 1.452795
31.654131 1.459779
31.654099 1.468130
31.654065 1.478105
31.654027 1.490005
31.653986 1.504178
31.653941 1.521030
31.653891 1.541026
31.653837 1.564700
31.653778 1.592654
31.653714 1.625568
31.653643 1.664198
31.653566 1.709378
31.653481 1.762018
31.653389 1.823102
31.653288 1.893683
31.653178 1.974875
31.653058 2.067851
31.652928 2.173834
31.652785 2.294096
31.652630 2.429951
31.652462 2.582761
31.652279 2.753932
31.652080 2.944919
31.651864 3.157231
31.651630 3.392436
31.651377 3.652162
31.651104 3.938104
31.650808 4.252021
31.650490 4.595739
31.650147 4.971143
31.649779 5.380172
31.649384 5.824807
31.648961 6.307055
31.648510 6.828932
31.648029 7.392437
31.647518 7.999525
31.646976 8.652072
31.646404 9.351841
31.645801 10.100436
31.645168 10.899259
31.644506 11.749459
31.643816 12.651884
31.643099 13.607027
31.642359 14.614973
31.641596 15.675352
31.640816 16.787294
31.640020 17.949388
31.639213 19.159657
31.638399 20.415535
31.637583 21.713861
31.636769 23.050891
31.635961 24.422322
31.635166 25.823328
31.634387 27.248623
31.633629 28.692529
31.632895 30.149064
31.632191 31.612035


31.654720 1.417279
