4.831292e-10 2.266486e+00 1.461099e+09 8.218422e-01
5.395903e-10 2.291876e+00 1.300270e+09 8.045283e-01
6.026497e-10 2.318902e+00 1.143292e+09 7.900244e-01
6.730786e-10 2.346657e+00 9.936560e+08 7.781758e-01
7.517382e-10 2.374214e+00 8.542031e+08 7.687001e-01
8.395904e-10 2.400735e+00 7.269474e+08 7.612503e-01
9.377094e-10 2.425553e+00 6.130339e+08 7.554664e-01
1.047295e-09 2.448205e+00 5.128065e+08 7.510116e-01
1.169688e-09 2.468436e+00 4.259500e+08 7.475918e-01
1.306384e-09 2.486172e+00 3.516668e+08 7.449623e-01
1.459055e-09 2.501475e+00 2.888508e+08 7.429267e-01
1.629568e-09 2.514504e+00 2.362389e+08 7.413306e-01
1.820008e-09 2.525476e+00 1.925281e+08 7.400539e-01
2.032704e-09 2.534630e+00 1.564577e+08 7.390036e-01
2.270257e-09 2.542210e+00 1.268609e+08 7.381063e-01
2.535571e-09 2.548448e+00 1.026925e+08 7.373029e-01
2.831891e-09 2.553557e+00 8.303847e+07 7.365440e-01
3.162842e-09 2.557722e+00 6.711471e+07 7.357857e-01
3.532468e-09 2.561108e+00 5.425840e+07 7.349869e-01
3.945292e-09 2.563853e+00 4.391592e+07 7.341066e-01
4.406360e-09 2.566074e+00 3.562921e+07 7.331015e-01
4.921311e-09 2.567867e+00 2.902207e+07 7.319240e-01
5.496441e-09 2.569314e+00 2.378700e+07 7.305201e-01
6.138785e-09 2.570481e+00 1.967292e+07 7.288276e-01
6.856197e-09 2.571422e+00 1.647375e+07 7.267742e-01
7.657449e-09 2.572182e+00 1.401811e+07 7.242757e-01
8.552340e-09 2.572797e+00 1.216047e+07 7.212348e-01
9.551812e-09 2.573299e+00 1.077472e+07 7.175402e-01
1.066809e-08 2.573713e+00 9.750697e+06 7.130674e-01
1.191482e-08 2.574061e+00 8.993390e+06 7.076806e-01
1.330725e-08 2.574366e+00 8.423477e+06 7.012373e-01
1.486241e-08 2.574646e+00 7.977424e+06 6.935959e-01
1.659931e-08 2.574923e+00 7.606397e+06 6.846274e-01
1.853919e-08 2.575218e+00 7.274153e+06 6.742307e-01
2.070578e-08 2.575557e+00 6.954609e+06 6.623514e-01
2.312557e-08 2.575968e+00 6.629644e+06 6.490016e-01
2.582815e-08 2.576482e+00 6.287444e+06 6.342778e-01
2.884656e-08 2.577129e+00 5.921393e+06 6.183721e-01
3.221773e-08 2.577940e+00 5.529355e+06 6.015712e-01
3.598287e-08 2.578938e+00 5.113157e+06 5.842421e-01
4.018802e-08 2.580133e+00 4.678037e+06 5.668022e-01
4.488461e-08 2.581523e+00 4.231936e+06 5.496803e-01
5.013007e-08 2.583085e+00 3.784553e+06 5.332744e-01
5.598853e-08 2.584781e+00 3.346241e+06 5.179163e-01
6.253166e-08 2.586559e+00 2.926897e+06 5.038476e-01
6.983944e-08 2.588362e+00 2.535010e+06 4.912121e-01
7.800126e-08 2.590132e+00 2.177024e+06 4.800613e-01
8.711690e-08 2.591819e+00 1.857073e+06 4.703688e-01
9.729786e-08 2.593385e+00 1.577052e+06 4.620509e-01
1.086686e-07 2.594806e+00 1.336932e+06 4.549863e-01
1.213682e-07 2.596067e+00 1.135182e+06 4.490330e-01
1.355519e-07 2.597169e+00 9.692012e+05 4.440427e-01
1.513933e-07 2.598116e+00 8.356695e+05 4.398698e-01
1.690859e-07 2.598921e+00 7.308011e+05 4.363771e-01
1.888462e-07 2.599598e+00 6.505218e+05 4.334390e-01
2.109158e-07 2.600165e+00 5.906325e+05 4.309424e-01
2.355646e-07 2.600636e+00 5.470072e+05 4.287857e-01
2.630939e-07 2.601029e+00 5.158218e+05 4.268778e-01
2.938405e-07 2.601359e+00 4.937527e+05 4.251364e-01
3.281802e-07 2.601639e+00 4.780848e+05 4.234853e-01
3.665332e-07 2.601887e+00 4.667134e+05 4.218530e-01
4.093682e-07 2.602117e+00 4.580674e+05 4.201702e-01
4.572092e-07 2.602348e+00 4.509978e+05 4.183691e-01
5.106411e-07 2.602602e+00 4.446656e+05 4.163818e-01
5.703174e-07 2.602910e+00 4.384463e+05 4.141403e-01
6.369677e-07 2.603312e+00 4.318573e+05 4.115774e-01
7.114072e-07 2.603862e+00 4.245066e+05 4.086289e-01
7.945461e-07 2.604636e+00 4.160595e+05 4.052372e-01
8.874010e-07 2.605735e+00 4.062212e+05 4.013572e-01
9.911075e-07 2.607295e+00 3.947318e+05 3.969632e-01
1.106934e-06 2.609484e+00 3.813726e+05 3.920571e-01
1.236296e-06 2.612510e+00 3.659817e+05 3.866765e-01
1.380776e-06 2.616606e+00 3.484761e+05 3.808989e-01
1.542141e-06 2.622018e+00 3.288765e+05 3.748433e-01
1.722364e-06 2.628969e+00 3.073291e+05 3.686627e-01
1.923649e-06 2.637620e+00 2.841185e+05 3.625315e-01
2.148457e-06 2.648030e+00 2.596630e+05 3.566257e-01
2.399537e-06 2.660116e+00 2.344916e+05 3.511029e-01
2.679960e-06 2.673643e+00 2.092005e+05 3.460840e-01
2.993154e-06 2.688234e+00 1.843986e+05 3.416434e-01
3.342950e-06 2.703419e+00 1.606491e+05 3.378069e-01
3.733626e-06 2.718689e+00 1.384212e+05 3.345583e-01
4.169957e-06 2.733562e+00 1.180587e+05 3.318499e-01
4.657281e-06 2.747633e+00 9.976912e+04 3.296152e-01
5.201556e-06 2.760602e+00 8.363085e+04 3.277796e-01
5.809438e-06 2.772286e+00 6.961416e+04 3.262684e-01
6.488360e-06 2.782605e+00 5.760813e+04 3.250117e-01
7.246625e-06 2.791566e+00 4.744843e+04 3.239468e-01
8.093504e-06 2.799237e+00 3.894202e+04 3.230184e-01
9.039355e-06 2.805726e+00 3.188670e+04 3.221777e-01
1.009574e-05 2.811161e+00 2.608500e+04 3.213810e-01
1.127559e-05 2.815678e+00 2.135312e+04 3.205881e-01
1.259331e-05 2.819406e+00 1.752562e+04 3.197610e-01
1.406503e-05 2.822470e+00 1.445704e+04 3.188617e-01
1.570875e-05 2.824979e+00 1.202123e+04 3.178516e-01
1.754456e-05 2.827031e+00 1.010924e+04 3.166905e-01
1.959491e-05 2.828710e+00 8.626347e+03 3.153358e-01
2.188488e-05 2.830091e+00 7.489257e+03 3.137428e-01
2.444246e-05 2.831239e+00 6.623983e+03 3.118655e-01
2.729894e-05 2.832211e+00 5.965090e+03 3.096580e-01
3.048924e-05 2.833062e+00 5.456018e+03 3.070781e-01
3.405238e-05 2.833841e+00 5.049753e+03 3.040905e-01
3.803192e-05 2.834600e+00 4.709062e+03 3.006723e-01
4.247654e-05 2.835386e+00 4.405963e+03 2.968191e-01
4.744057e-05 2.836251e+00 4.120650e+03 2.925500e-01
5.298473e-05 2.837240e+00 3.840201e+03 2.879116e-01
5.917682e-05 2.838397e+00 3.557342e+03 2.829790e-01
6.609254e-05 2.839753e+00 3.269361e+03 2.778528e-01
7.381647e-05 2.841321e+00 2.977118e+03 2.726516e-01
8.244306e-05 2.843097e+00 2.684085e+03 2.675006e-01
9.207780e-05 2.845053e+00 2.395388e+03 2.625202e-01
1.028385e-04 2.847142e+00 2.116859e+03 2.578138e-01
1.148568e-04 2.849301e+00 1.854184e+03 2.534599e-01
1.282795e-04 2.851464e+00 1.612233e+03 2.495081e-01
1.432710e-04 2.853565e+00 1.394632e+03 2.459795e-01
1.600144e-04 2.855552e+00 1.203580e+03 2.428702e-01
1.787146e-04 2.857384e+00 1.039868e+03 2.401564e-01
1.996001e-04 2.859036e+00 9.030327e+02 2.378005e-01
2.229264e-04 2.860499e+00 7.915470e+02 2.357562e-01
2.489788e-04 2.861776e+00 7.030369e+02 2.339728e-01
2.780758e-04 2.862880e+00 6.345001e+02 2.323980e-01
3.105733e-04 2.863829e+00 5.825596e+02 2.309801e-01
3.468686e-04 2.864647e+00 5.437503e+02 2.296689e-01
3.874055e-04 2.865362e+00 5.147993e+02 2.284162e-01
4.326798e-04 2.866007e+00 4.928343e+02 2.271761e-01
4.832451e-04 2.866619e+00 4.754845e+02 2.259049e-01
5.397197e-04 2.867240e+00 4.608802e+02 2.245616e-01
6.027942e-04 2.867925e+00 4.475887e+02 2.231087e-01
6.732400e-04 2.868742e+00 4.345280e+02 2.215136e-01
7.519185e-04 2.869774e+00 4.208862e+02 2.197508e-01
8.397917e-04 2.871127e+00 4.060614e+02 2.178043e-01
9.379343e-04 2.872926e+00 3.896242e+02 2.156706e-01
1.047546e-03 2.875317e+00 3.713028e+02 2.133613e-01
1.169968e-03 2.878452e+00 3.509813e+02 2.109050e-01
1.306697e-03 2.882479e+00 3.287068e+02 2.083462e-01
1.459405e-03 2.887516e+00 3.046926e+02 2.057427e-01
1.629959e-03 2.893622e+00 2.793116e+02 2.031597e-01
1.820444e-03 2.900780e+00 2.530716e+02 2.006625e-01
2.033191e-03 2.908878e+00 2.265717e+02 1.983087e-01
2.270801e-03 2.917712e+00 2.004452e+02 1.961420e-01
2.536179e-03 2.927011e+00 1.752965e+02 1.941885e-01
2.832571e-03 2.936465e+00 1.516468e+02 1.924564e-01
3.163600e-03 2.945771e+00 1.298942e+02 1.909381e-01
3.533316e-03 2.954661e+00 1.102970e+02 1.896138e-01
3.946238e-03 2.962928e+00 9.297574e+01 1.884557e-01
4.407416e-03 2.970435e+00 7.793223e+01 1.874314e-01
4.922491e-03 2.977113e+00 6.507580e+01 1.865067e-01
5.497760e-03 2.982950e+00 5.425209e+01 1.856470e-01
6.140258e-03 2.987980e+00 4.526885e+01 1.848187e-01
6.857841e-03 2.992265e+00 3.791607e+01 1.839890e-01
7.659285e-03 2.995886e+00 3.197972e+01 1.831262e-01
8.554391e-03 2.998932e+00 2.724970e+01 1.821998e-01
9.554103e-03 3.001496e+00 2.352383e+01 1.811809e-01
1.067065e-02 3.003668e+00 2.061036e+01 1.800425e-01
1.191768e-02 3.005538e+00 1.833101e+01 1.787612e-01
1.331044e-02 3.007191e+00 1.652543e+01 1.773182e-01
1.486597e-02 3.008713e+00 1.505601e+01 1.757021e-01
1.660329e-02 3.010183e+00 1.381130e+01 1.739109e-01
1.854364e-02 3.011679e+00 1.270683e+01 1.719539e-01
2.071075e-02 3.013269e+00 1.168365e+01 1.698529e-01
2.313112e-02 3.015010e+00 1.070504e+01 1.676419e-01
2.583434e-02 3.016940e+00 9.752649e+00 1.653647e-01
2.885348e-02 3.019073e+00 8.822262e+00 1.630712e-01
3.222546e-02 3.021398e+00 7.919639e+00 1.608119e-01
3.599150e-02 3.023875e+00 7.056539e+00 1.586327e-01
4.019766e-02 3.026446e+00 6.247119e+00 1.565704e-01
4.489537e-02 3.029040e+00 5.504952e+00 1.546495e-01
5.014209e-02 3.031585e+00 4.840819e+00 1.528812e-01
5.600196e-02 3.034020e+00 4.261340e+00 1.512642e-01
6.254665e-02 3.036296e+00 3.768366e+00 1.497867e-01
6.985619e-02 3.038387e+00 3.358992e+00 1.484283e-01
7.801997e-02 3.040285e+00 3.026090e+00 1.471633e-01
8.713780e-02 3.042004e+00 2.759286e+00 1.459626e-01
9.732119e-02 3.043574e+00 2.546260e+00 1.447959e-01
1.086947e-01 3.045040e+00 2.374177e+00 1.436337e-01
1.213973e-01 3.046466e+00 2.230932e+00 1.424491e-01
1.355845e-01 3.047928e+00 2.106019e+00 1.412191e-01
1.514296e-01 3.049515e+00 1.990948e+00 1.399270e-01
1.691265e-01 3.051330e+00 1.879334e+00 1.385633e-01
1.888915e-01 3.053481e+00 1.766774e+00 1.371273e-01
2.109664e-01 3.056073e+00 1.650666e+00 1.356271e-01
2.356210e-01 3.059197e+00 1.529994e+00 1.340794e-01
2.631570e-01 3.062913e+00 1.405101e+00 1.325071e-01
2.939109e-01 3.067236e+00 1.277432e+00 1.309363e-01
3.282590e-01 3.072126e+00 1.149218e+00 1.293921e-01
3.666211e-01 3.077483e+00 1.023126e+00 1.278954e-01
4.094664e-01 3.083163e+00 9.018923e-01 1.264594e-01
4.573188e-01 3.088992e+00 7.879919e-01 1.250887e-01
5.107636e-01 3.094792e+00 6.833863e-01 1.237793e-01
5.704542e-01 3.100403e+00 5.893764e-01 1.225198e-01
6.371205e-01 3.105701e+00 5.065595e-01 1.212938e-01
7.115778e-01 3.110606e+00 4.348745e-01 1.200830e-01
7.947367e-01 3.115081e+00 3.737063e-01 1.188693e-01
8.876139e-01 3.119134e+00 3.220259e-01 1.176379e-01
9.913452e-01 3.122801e+00 2.785467e-01 1.163793e-01
1.107199e+00 3.126141e+00 2.418828e-01 1.150910e-01
1.236592e+00 3.129220e+00 2.106938e-01 1.137782e-01
1.381107e+00 3.132105e+00 1.838003e-01 1.124535e-01
1.542511e+00 3.134851e+00 1.602537e-01 1.111355e-01
1.722777e+00 3.137496e+00 1.393571e-01 1.098466e-01


2.603862 424506.610976


1.722777e+00 1.098466e-01
