8.824969e-01 1.110900e-02 1.928750e-22
8.911879e-01 1.580862e-02 9.720985e-21
8.996046e-01 2.217477e-02 4.175010e-19
9.077375e-01 3.065989e-02 1.527980e-17
9.155777e-01 4.178575e-02 4.765305e-16
9.231163e-01 5.613476e-02 1.266417e-14
9.303448e-01 7.433302e-02 2.867975e-13
9.372549e-01 9.702370e-02 5.534610e-12
9.438387e-01 1.248303e-01 9.101471e-11
9.500886e-01 1.583100e-01 1.275408e-09
9.559975e-01 1.978987e-01 1.522998e-08
9.615584e-01 2.438505e-01 1.549753e-07
9.667648e-01 2.961764e-01 1.343812e-06
9.716108e-01 3.545875e-01 9.929504e-06
9.760905e-01 4.184491e-01 6.252150e-05
9.801987e-01 4.867523e-01 3.354626e-04
9.839305e-01 5.581096e-01 1.533811e-03
9.872816e-01 6.307788e-01 5.976023e-03
9.902479e-01 7.027177e-01 1.984109e-02
9.928259e-01 7.716687e-01 5.613476e-02
9.950125e-01 8.352702e-01 1.353353e-01
9.968051e-01 8.911879e-01 2.780373e-01
9.982016e-01 9.372549e-01 4.867523e-01
9.992003e-01 9.716108e-01 7.261490e-01
9.998000e-01 9.928259e-01 9.231163e-01
1.000000e+00 1.000000e+00 1.000000e+00
9.998000e-01 9.928259e-01 9.231163e-01
9.992003e-01 9.716108e-01 7.261490e-01
9.982016e-01 9.372549e-01 4.867523e-01
9.968051e-01 8.911879e-01 2.780373e-01
9.950125e-01 8.352702e-01 1.353353e-01
9.928259e-01 7.716687e-01 5.613476e-02
9.902479e-01 7.027177e-01 1.984109e-02
9.872816e-01 6.307788e-01 5.976023e-03
9.839305e-01 5.581096e-01 1.533811e-03
9.801987e-01 4.867523e-01 3.354626e-04
9.760905e-01 4.184491e-01 6.252150e-05
9.716108e-01 3.545875e-01 9.929504e-06
9.667648e-01 2.961764e-01 1.343812e-06
9.615584e-01 2.438505e-01 1.549753e-07
9.559975e-01 1.978987e-01 1.522998e-08
9.500886e-01 1.583100e-01 1.275408e-09
9.438387e-01 1.248303e-01 9.101471e-11
9.372549e-01 9.702370e-02 5.534610e-12
9.303448e-01 7.433302e-02 2.867975e-13
9.231163e-01 5.613476e-02 1.266417e-14
9.155777e-01 4.178575e-02 4.765305e-16
9.077375e-01 3.065989e-02 1.527980e-17
8.996046e-01 2.217477e-02 4.175010e-19
8.911879e-01 1.580862e-02 9.720985e-21
8.824969e-01 1.110900e-02 1.928750e-22


1.339186081187e-01 -6.070493125425e-01 2.239349873726e-01 6.686289175208e-01
4.581761628724e-02 -7.086638672628e-01 1.775996159801e-01 9.498404054028e-01
1.720226022541e+00 -8.245219701383e-01 1.161862442933e-01 1.209594922857e+00
2.453867129834e+00 -9.437690360386e-01 3.872998648548e-02 1.351442163044e+00
3.451391761436e+00 -1.037140782454e+00 -5.478716622101e-02 1.299949983543e+00
2.173889680433e+00 -1.134703560609e+00 -1.654348363323e-01 1.045266677505e+00
-2.228256023004e-01 -1.237437128405e+00 -2.933055042800e-01 6.508268378924e-01
-9.021057670296e-01 -1.343138636054e+00 -4.380236339223e-01 2.147792705380e-01
-9.411970854632e-01 -1.495222756662e+00 -6.001690829276e-01 -1.854328314680e-01
-4.764153994235e-02 -1.637749130671e+00 -7.775792833451e-01 -5.226678353009e-01
-6.528933453213e-02 -1.781637748222e+00 -9.692755572326e-01 -8.079987482231e-01
-1.361846243309e+00 -1.930273603246e+00 -1.173943753038e+00 -1.059689373754e+00
-2.029826749318e+00 -2.066648068805e+00 -1.389558626196e+00 -1.286440780500e+00
-1.848117971010e+00 -2.175008040515e+00 -1.613846909930e+00 -1.494016029216e+00
-1.017067180669e+00 -2.290583582906e+00 -1.845754527356e+00 -1.697215318882e+00
-1.565315652066e+00 -2.384959713176e+00 -2.082648212411e+00 -1.918348654150e+00
-2.203347154760e+00 -2.446858416322e+00 -2.322078331445e+00 -2.173498714681e+00
-2.196258623064e+00 -2.521503954927e+00 -2.563057400406e+00 -2.462192827137e+00
-2.866112317442e+00 -2.607162938195e+00 -2.803638031757e+00 -2.770979816627e+00
-3.693874648829e+00 -2.655151181545e+00 -3.040504881271e+00 -3.086634323094e+00
-3.081374618468e+00 -2.718758966857e+00 -3.272803761337e+00 -3.406142807249e+00
-3.448963028626e+00 -2.750478393504e+00 -3.497203587731e+00 -3.734530573136e+00
-3.738456437745e+00 -2.756335953060e+00 -3.711414477380e+00 -4.073172482348e+00
-4.655331108560e+00 -2.767818979076e+00 -3.913829249274e+00 -4.409769737866e+00
-5.239136567358e+00 -2.783701288416e+00 -4.102120225411e+00 -4.718778051537e+00
-5.174521277199e+00 -2.775896077214e+00 -4.273137079472e+00 -4.971344371386e+00
-5.127777417426e+00 -2.771749499910e+00 -4.425034469660e+00 -5.148057294654e+00
-5.878504396094e+00 -2.765624574186e+00 -4.555274734934e+00 -5.249919972829e+00
-6.022737083459e+00 -2.773781917316e+00 -4.661710767281e+00 -5.304979107315e+00
-4.547176286537e+00 -2.783625044889e+00 -4.741511349811e+00 -5.364959037747e+00
-4.753655261457e+00 -2.807832165868e+00 -4.792752863391e+00 -5.485988392084e+00
-5.014352540332e+00 -2.782612968365e+00 -4.811954079811e+00 -5.698069331607e+00
-5.152570512223e+00 -2.712180256119e+00 -4.797773826966e+00 -5.981370354061e+00
-7.695967729274e+00 -2.614374434295e+00 -4.749480982760e+00 -6.267361770366e+00
-7.118549192565e+00 -2.542663408959e+00 -4.667584005347e+00 -6.466046922899e+00
-7.154659055671e+00 -2.489888517259e+00 -4.551654769137e+00 -6.502368813716e+00
-7.380831623831e+00 -2.429303895362e+00 -4.401280016514e+00 -6.341546197271e+00
-6.665829406702e+00 -2.345532297905e+00 -4.217093869227e+00 -5.994516323951e+00
-5.088562520160e+00 -2.258424361803e+00 -4.001301764787e+00 -5.507570520400e+00
-5.480836381648e+00 -2.198584704729e+00 -3.756984997601e+00 -4.944506401559e+00
-4.298065525855e+00 -2.121946613049e+00 -3.485733306718e+00 -4.366727459184e+00
-2.504951838444e+00 -2.026870780451e+00 -3.190592860527e+00 -3.814681444014e+00
-3.236297805750e+00 -1.891831514730e+00 -2.874612667443e+00 -3.296752260529e+00
-3.866115487020e+00 -1.743391028298e+00 -2.542182557628e+00 -2.793544189031e+00
-1.795420916217e+00 -1.592404763057e+00 -2.197620550529e+00 -2.278335052080e+00
-2.698426923651e+00 -1.401937950089e+00 -1.844128055772e+00 -1.741330088670e+00
-9.628813860394e-01 -1.236533730909e+00 -1.487212940488e+00 -1.200040761302e+00
4.202074740873e-01 -1.049765129013e+00 -1.129517538614e+00 -6.884034367950e-01
4.484083421036e-02 -8.715110105691e-01 -7.753376998318e-01 -2.342840450497e-01
-2.594693653010e-01 -6.778633924510e-01 -4.274001878315e-01 1.572402469889e-01
9.941018835254e-01 -4.464764349007e-01 -8.784792874812e-02 5.049173472051e-01
7.202567042782e-01 -2.086944751338e-01 2.405341182491e-01 8.398393318263e-01
6.739273228542e-01 8.889531232368e-02 5.578358038596e-01 1.190386144566e+00
1.472909792962e+00 4.332963423032e-01 8.632897536179e-01 1.569585589700e+00
2.012865682211e+00 8.129315704827e-01 1.156792027811e+00 1.967176988021e+00
2.098716021157e+00 1.179350491252e+00 1.438151333358e+00 2.348741017839e+00
3.454007241898e+00 1.531863328652e+00 1.708760894892e+00 2.664880480298e+00
3.467858102729e+00 1.895990565284e+00 1.971080864819e+00 2.869868505346e+00
4.219221797752e+00 2.271693031487e+00 2.227627972813e+00 2.941866135934e+00
2.644312619546e+00 2.651284464904e+00 2.480818486744e+00 2.892948056943e+00
2.406934366490e+00 3.009244966425e+00 2.732915144040e+00 2.763821064135e+00
2.743424959118e+00 3.328452110180e+00 2.986690508853e+00 2.610648935920e+00
2.663825286326e+00 3.632734628041e+00 3.245723685248e+00 2.494986096332e+00
2.122953044027e+00 3.914664974200e+00 3.512763958692e+00 2.477296465679e+00
7.425191012479e-01 4.152355431580e+00 3.789919013923e+00 2.605048966480e+00
2.459070961522e+00 4.399146955367e+00 4.080485448186e+00 2.893429908871e+00
2.877182765522e+00 4.616294943171e+00 4.384787931426e+00 3.312090816339e+00
4.402139352969e+00 4.769934255557e+00 4.702383743835e+00 3.793169674932e+00
5.088615684241e+00 4.918224077972e+00 5.033816062949e+00 4.259439176601e+00
4.500059713384e+00 5.076111257795e+00 5.377430946295e+00 4.655714603310e+00
5.816807622764e+00 5.215954455545e+00 5.729829882331e+00 4.968052556583e+00
4.983823477935e+00 5.404469976316e+00 6.088995490134e+00 5.228023160031e+00
5.757783775313e+00 5.562731818754e+00 6.448331936942e+00 5.506599662134e+00
4.954268368849e+00 5.698564176239e+00 6.802582036849e+00 5.898732757387e+00
4.868838093827e+00 5.863440496573e+00 7.146870811635e+00 6.495728856143e+00
6.365035989067e+00 6.043424798965e+00 7.474363914164e+00 7.348029265534e+00
6.762802782586e+00 6.191841916238e+00 7.777449489628e+00 8.432633291626e+00
1.010123264945e+01 6.352950446917e+00 8.051046512343e+00 9.644808846243e+00
1.190216767581e+01 6.550720041773e+00 8.290389862232e+00 1.082422101753e+01
1.365844628642e+01 6.772724934204e+00 8.491163248720e+00 1.180508189712e+01
1.432591994604e+01 6.978542246304e+00 8.649637500801e+00 1.246380993813e+01
1.327575184119e+01 7.169509457143e+00 8.764414632385e+00 1.274100159350e+01
1.360512237744e+01 7.313063717087e+00 8.834960207243e+00 1.263578554697e+01
1.406020341590e+01 7.431193356530e+00 8.863725097946e+00 1.218966064086e+01
1.171319609542e+01 7.528588371676e+00 8.854418593120e+00 1.147545821406e+01
1.109929685799e+01 7.680510651323e+00 8.814129954974e+00 1.059036812584e+01
8.937496269310e+00 7.812189184697e+00 8.747491065200e+00 9.641908582205e+00
7.936153149078e+00 7.918148861272e+00 8.661707504052e+00 8.723567734754e+00
7.473885520818e+00 8.021989464721e+00 8.565266160831e+00 7.891929519877e+00
6.656324459441e+00 8.137738548785e+00 8.466507998232e+00 7.162278563485e+00
6.840716497645e+00 8.319190904972e+00 8.374526204808e+00 6.529035371439e+00
6.445799521618e+00 8.475297928153e+00 8.294382827562e+00 5.998520795679e+00
4.776242212647e+00 8.629951358986e+00 8.232825223891e+00 5.609051317510e+00
3.831094369022e+00 8.743735462308e+00 8.193544042265e+00 5.419864834606e+00
3.834664362508e+00 8.875947585491e+00 8.181188197081e+00 5.474781859900e+00
4.990403828916e+00 9.012034602574e+00 8.196888330889e+00 5.769024065149e+00
6.867835182982e+00 9.158632954484e+00 8.240846824444e+00 6.245942871291e+00
6.980034113270e+00 9.327721467922e+00 8.312087847142e+00 6.825242436059e+00
7.161247351020e+00 9.465004518813e+00 8.406620368808e+00 7.440494569726e+00
8.439551801312e+00 9.621837887281e+00 8.522143484639e+00 8.061453675627e+00
9.010609576921e+00 9.774011067640e+00 8.653962510208e+00 8.690516332677e+00
8.539701847907e+00 9.915578391980e+00 8.797853737798e+00 9.336752981588e+00
9.003060222708e+00 1.007394255366e+01 8.950702393371e+00 9.981551335442e+00
1.102038532000e+01 1.018739166256e+01 9.107792659510e+00 1.055890825740e+01
1.317009018593e+01 1.026263804078e+01 9.266685753640e+00 1.097100830688e+01
1.279900686717e+01 1.031819580454e+01 9.425887705730e+00 1.113620345097e+01
1.205471585264e+01 1.035213133242e+01 9.584218492408e+00 1.103702868062e+01
1.077399199324e+01 1.039692041362e+01 9.741976133090e+00 1.073145373239e+01
9.385327486748e+00 1.045105829917e+01 9.899602371256e+00 1.032027662127e+01
9.002858899680e+00 1.050215872714e+01 1.005818723768e+01 9.900026951721e+00
1.048417968866e+01 1.058869245036e+01 1.022030108959e+01 9.538361936534e+00
9.152510915816e+00 1.069617883927e+01 1.038750452598e+01 9.281356100446e+00
8.104228842110e+00 1.083494326811e+01 1.056207756328e+01 9.169208929532e+00
7.960456473003e+00 1.099288674134e+01 1.074554659947e+01 9.233701155077e+00
8.141314292285e+00 1.116851092234e+01 1.093954571855e+01 9.478557541846e+00
1.047623381423e+01 1.141002567755e+01 1.114667027358e+01 9.868438512825e+00
1.082793268590e+01 1.163682025278e+01 1.136578765422e+01 1.034438425356e+01
1.119934407313e+01 1.185937888799e+01 1.159709958410e+01 1.085378841896e+01
1.047823790038e+01 1.214373943696e+01 1.184158099371e+01 1.136727851767e+01
1.220501966529e+01 1.247232041337e+01 1.209782664789e+01 1.187049826699e+01
1.184161321013e+01 1.280699663415e+01 1.236359053435e+01 1.234616573907e+01
1.374378616248e+01 1.311953720451e+01 1.263660604756e+01 1.277029157667e+01
1.415136610369e+01 1.339536066091e+01 1.291482902486e+01 1.312861602057e+01
1.314992360103e+01 1.362579170728e+01 1.319599383158e+01 1.343554306742e+01
1.343590914317e+01 1.383535342875e+01 1.347847282361e+01 1.373277262463e+01
1.309991732600e+01 1.402122830417e+01 1.376039268740e+01 1.406319499200e+01
1.400719628167e+01 1.419580903019e+01 1.404058899156e+01 1.443920303210e+01
1.532290997156e+01 1.437607827926e+01 1.431817020454e+01 1.483089421701e+01
1.611720414236e+01 1.454968842671e+01 1.459186565333e+01 1.518346909503e+01
1.572151811127e+01 1.469933257730e+01 1.486082447167e+01 1.545009012088e+01
1.629424832483e+01 1.479837568927e+01 1.512421942176e+01 1.561647176652e+01
1.565980315992e+01 1.490321989411e+01 1.538310378232e+01 1.570266966838e+01
1.512438205027e+01 1.501859860201e+01 1.563715614895e+01 1.574586104879e+01
1.588853740476e+01 1.515697124363e+01 1.588618696660e+01 1.578048300377e+01
1.608157237947e+01 1.534436146467e+01 1.613034245229e+01 1.583063134768e+01
1.562645817174e+01 1.551352918474e+01 1.636730546914e+01 1.591664915363e+01
1.611552770065e+01 1.567284139771e+01 1.659651193562e+01 1.606446088502e+01
1.564807418295e+01 1.583623871292e+01 1.681716079877e+01 1.630419649438e+01
1.568905379985e+01 1.602840471962e+01 1.702823028026e+01 1.665634290816e+01
1.619386413076e+01 1.622780500917e+01 1.722759525231e+01 1.711801509291e+01
1.902022760786e+01 1.642791200453e+01 1.741345997261e+01 1.766290358868e+01
1.835854912980e+01 1.659801979736e+01 1.758363680261e+01 1.825275854222e+01
1.771355323604e+01 1.675709302726e+01 1.773721247759e+01 1.884415060598e+01
1.947923035058e+01 1.691218758865e+01 1.787304261979e+01 1.938186345631e+01
2.099291012771e+01 1.709743165202e+01 1.799108653446e+01 1.979225497625e+01
2.133482724331e+01 1.724318930124e+01 1.808937475683e+01 1.999710797352e+01
2.125668874628e+01 1.738241649235e+01 1.816889802766e+01 1.994889535174e+01
2.108051450581e+01 1.746306547564e+01 1.822907265718e+01 1.966350520684e+01
1.866478566299e+01 1.755290398607e+01 1.827295248105e+01 1.922336862166e+01
1.770359348012e+01 1.765406053001e+01 1.830237581892e+01 1.874523200648e+01
1.768461484942e+01 1.773211101576e+01 1.831858956871e+01 1.833241213320e+01
1.764308038484e+01 1.783804933522e+01 1.832540440359e+01 1.804008970119e+01
1.750907463610e+01 1.789682228206e+01 1.832370064829e+01 1.786967808036e+01
1.762602357199e+01 1.795219738307e+01 1.831732872413e+01 1.778806816579e+01
1.832053388647e+01 1.799381992289e+01 1.830875932492e+01 1.775549948171e+01
1.764681057440e+01 1.804939137105e+01 1.830092500657e+01 1.774602974889e+01
1.758900851504e+01 1.813454290160e+01 1.829628739442e+01 1.775217655732e+01
1.743088236673e+01 1.825698257234e+01 1.829683509977e+01 1.777575643081e+01
1.744371498966e+01 1.838524700747e+01 1.830296302822e+01 1.781590834261e+01
1.880692277278e+01 1.849056078824e+01 1.831467229775e+01 1.786602027181e+01
1.744647283342e+01 1.856691492452e+01 1.833203031845e+01 1.792150727414e+01
1.841554900158e+01 1.863708125744e+01 1.835528068892e+01 1.798889343597e+01
1.735075787519e+01 1.869663671338e+01 1.838381836270e+01 1.808532095530e+01
1.796122940451e+01 1.874898576096e+01 1.841700705849e+01 1.822742338094e+01
1.828273126862e+01 1.882248459787e+01 1.845478296623e+01 1.841849137372e+01
1.856618105033e+01 1.888272792816e+01 1.849568294601e+01 1.864312678778e+01
1.928047537034e+01 1.888285447360e+01 1.853804684064e+01 1.887072178164e+01
1.905435618113e+01 1.888082735616e+01 1.858267488512e+01 1.906293103508e+01
1.924036982732e+01 1.889950987171e+01 1.862945998163e+01 1.918184020372e+01
2.023238402267e+01 1.892344381909e+01 1.867797198062e+01 1.919988943863e+01
1.979169013966e+01 1.893668064384e+01 1.872814355493e+01 1.911106576321e+01
1.909692868167e+01 1.893892707764e+01 1.878012428874e+01 1.893651209631e+01
1.777573088272e+01 1.894952157793e+01 1.883446859795e+01 1.871761350236e+01
1.872395726372e+01 1.896080165017e+01 1.889109690566e+01 1.850004265805e+01
1.838340759288e+01 1.900947512868e+01 1.895078926682e+01 1.832151814185e+01
1.742638646358e+01 1.907684037048e+01 1.901291570218e+01 1.821189855955e+01
1.868617402525e+01 1.915453028548e+01 1.907728075493e+01 1.820101782100e+01
1.701271348021e+01 1.923452483009e+01 1.914364989227e+01 1.832162924342e+01
1.817639047987e+01 1.931461279400e+01 1.921174673149e+01 1.859859350765e+01
1.822642092792e+01 1.938455102793e+01 1.928096884837e+01 1.902668670572e+01
1.862496719241e+01 1.941552663159e+01 1.935012906874e+01 1.955081111740e+01
2.084880963303e+01 1.947019506951e+01 1.942024616111e+01 2.006688600440e+01
2.227777381274e+01 1.953812747786e+01 1.949073311649e+01 2.045286822637e+01
2.205638805464e+01 1.957821825204e+01 1.956022146872e+01 2.061865856218e+01
2.153772918936e+01 1.960491807046e+01 1.962866433869e+01 2.054612283459e+01
2.012036815271e+01 1.959340148398e+01 1.969528708883e+01 2.029348819903e+01
1.933640888649e+01 1.961932901795e+01 1.976180873294e+01 1.996204088226e+01
1.925598004000e+01 1.965083328062e+01 1.982752209550e+01 1.964811584718e+01
1.841424896642e+01 1.971511373963e+01 1.989322826439e+01 1.941054254656e+01
1.966045042678e+01 1.978691689746e+01 1.995839322369e+01 1.926966706424e+01
1.944861798288e+01 1.984102730721e+01 2.002238835137e+01 1.922999031787e+01
1.893765314201e+01 1.990166765685e+01 2.008556733917e+01 1.930126066570e+01
1.816068090066e+01 1.996476048200e+01 2.014757329580e+01 1.949657248838e+01
1.868105505429e+01 2.004623268994e+01 2.020837731798e+01 1.980987393666e+01
2.073318443850e+01 2.011954714122e+01 2.026670189720e+01 2.019790907733e+01
2.161434686465e+01 2.018089516218e+01 2.032183266351e+01 2.058903074954e+01
2.129541164511e+01 2.026863937788e+01 2.037417813019e+01 2.091529637465e+01
2.163161147573e+01 2.034256066615e+01 2.042213032895e+01 2.114241886059e+01
2.144415089824e+01 2.047050879322e+01 2.046697801797e+01 2.127560441925e+01
2.107687618821e+01 2.055539022457e+01 2.050647966236e+01 2.134078687786e+01
2.114295042048e+01 2.062372706363e+01 2.054160062319e+01 2.135855116670e+01
2.168874580766e+01 2.070506576305e+01 2.057368827101e+01 2.132992676063e+01
2.176425067517e+01 2.072894677167e+01 2.060207638041e+01 2.124157558087e+01
2.162700644810e+01 2.077996421369e+01 2.063009262325e+01 2.108228289281e+01
2.117524323194e+01 2.076401529917e+01 2.065681496687e+01 2.085480179099e+01
1.970432419772e+01 2.075196549187e+01 2.068549664546e+01 2.057448397501e+01
2.035764921351e+01 2.072750263835e+01 2.071722782739e+01 2.026225386499e+01
2.104446529649e+01 2.066810830918e+01 2.075280473795e+01 1.994575502162e+01
1.935050962506e+01 2.058066730563e+01 2.079332637026e+01 1.966926262326e+01
1.864578495982e+01 2.049958356565e+01 2.083974262347e+01 1.949567599218e+01
1.791057267615e+01 2.041579172104e+01 2.089107531641e+01 1.948672905854e+01
1.866315216877e+01 2.035450073472e+01 2.094634585575e+01 1.967082307467e+01
1.996355674268e+01 2.031741910934e+01 2.100336721558e+01 2.002495453953e+01
2.073472853959e+01 2.028356972342e+01 2.105886304374e+01 2.048723518029e+01
2.176979777023e+01 2.027228939310e+01 2.110996260582e+01 2.098959010100e+01
2.110701180994e+01 2.022595554502e+01 2.115154689781e+01 2.148444371144e+01
2.175254622124e+01 2.018239404107e+01 2.118059913551e+01 2.194881234353e+01
2.259046566192e+01 2.016925882692e+01 2.119391200050e+01 2.237124279460e+01
2.336501509470e+01 2.012093818558e+01 2.118607574288e+01 2.273820794895e+01
2.307381957164e+01 2.003982099878e+01 2.115370382056e+01 2.302937608778e+01
2.337199214908e+01 1.989127927007e+01 2.109341096172e+01 2.321893496606e+01
2.436469656783e+01 1.974513159525e+01 2.100532529669e+01 2.327745585854e+01
2.287463000447e+01 1.959270775442e+01 2.088849616840e+01 2.317453482891e+01
2.454573208515e+01 1.942696097325e+01 2.074286671403e+01 2.288578299954e+01
2.308492781106e+01 1.925180462163e+01 2.056960449753e+01 2.240392947986e+01
2.182413851721e+01 1.913066024241e+01 2.037239909271e+01 2.174848947118e+01
2.160711524236e+01 1.897304543862e+01 2.015187870552e+01 2.096839941455e+01
1.969581882490e+01 1.881196295345e+01 1.991208562039e+01 2.013628139162e+01
1.957321573425e+01 1.864160350164e+01 1.965650623311e+01 1.933567410874e+01
1.706674965570e+01 1.849072270301e+01 1.938954750459e+01 1.864269390269e+01
1.739609122067e+01 1.837826952807e+01 1.911543780629e+01 1.810609787357e+01
1.716311970107e+01 1.826977467960e+01 1.883662236942e+01 1.773491749636e+01
1.748783777818e+01 1.813365934384e+01 1.855510638924e+01 1.750274229124e+01
1.738024887458e+01 1.800588618906e+01 1.827437076278e+01 1.736771057852e+01
1.752957320570e+01 1.790600653111e+01 1.799687238479e+01 1.729507857079e+01
1.688201360475e+01 1.779666355791e+01 1.772294786972e+01 1.726713421643e+01
1.675143077387e+01 1.771974828814e+01 1.745464516531e+01 1.727582992109e+01
1.735711508271e+01 1.762188244534e+01 1.719157010770e+01 1.730698196984e+01
1.749859252807e+01 1.749357396943e+01 1.693421401695e+01 1.732922310725e+01
1.795610973936e+01 1.734557766187e+01 1.668342478621e+01 1.729433832808e+01
1.729275187722e+01 1.717525366400e+01 1.643969026194e+01 1.714769515891e+01
1.727414199069e+01 1.702276578916e+01 1.620456555884e+01 1.684577988205e+01
1.849235548007e+01 1.686203634190e+01 1.597815514939e+01 1.637749422955e+01
1.580598897382e+01 1.667682921073e+01 1.576099750052e+01 1.577973307710e+01
1.457017707228e+01 1.646820909115e+01 1.555407550523e+01 1.513310200669e+01
1.293843766936e+01 1.629033915032e+01 1.535976286305e+01 1.453384276735e+01
1.400714269543e+01 1.608749462611e+01 1.517766273381e+01 1.405770376201e+01
1.338514148246e+01 1.587494057873e+01 1.500899414371e+01 1.373822496916e+01
1.302794170672e+01 1.568974704110e+01 1.485523214769e+01 1.356807737109e+01
1.236609911348e+01 1.549750799621e+01 1.471596548417e+01 1.351561307687e+01
1.504380128541e+01 1.532819434554e+01 1.459202373752e+01 1.354491147912e+01
1.311342317969e+01 1.518053165611e+01 1.448282685762e+01 1.363046907114e+01
1.350133374518e+01 1.502307489519e+01 1.438679089382e+01 1.375939298368e+01
1.308923159943e+01 1.491092714259e+01 1.430413925176e+01 1.392024695159e+01
1.405899666061e+01 1.478968250204e+01 1.423221450745e+01 1.409027072016e+01
1.575522392099e+01 1.472356958756e+01 1.417105177906e+01 1.423633506289e+01
1.451851061332e+01 1.466178089601e+01 1.411796838745e+01 1.433031812382e+01
1.366059280934e+01 1.458795521689e+01 1.407119635444e+01 1.436309910075e+01
1.482657202526e+01 1.454382456829e+01 1.403056997605e+01 1.434391376906e+01
1.469705353717e+01 1.450826630423e+01 1.399470057810e+01 1.428840610579e+01
1.349396644313e+01 1.448976947619e+01 1.396311875795e+01 1.420799637993e+01
1.459744072020e+01 1.449386881370e+01 1.393559142327e+01 1.410794314709e+01
1.421164696705e+01 1.450261554851e+01 1.391157211450e+01 1.399212460484e+01
1.383626912130e+01 1.452255166178e+01 1.389159548208e+01 1.386810432736e+01
1.352029251996e+01 1.457098614135e+01 1.387694098264e+01 1.374726964709e+01
1.331142868951e+01 1.461967988735e+01 1.386803935572e+01 1.364006235609e+01
1.363421422871e+01 1.467976135063e+01 1.386636580417e+01 1.355166793188e+01
1.380793232016e+01 1.474353657385e+01 1.387310882860e+01 1.348306442028e+01
1.326112215349e+01 1.477622302981e+01 1.388905543507e+01 1.343604360114e+01
1.270373851281e+01 1.487334528986e+01 1.391812434961e+01 1.341652487495e+01
1.408461644805e+01 1.498546986062e+01 1.396064602185e+01 1.343280818252e+01
1.294805441130e+01 1.514309317780e+01 1.401905590527e+01 1.348980938786e+01
1.334883037045e+01 1.527093032448e+01 1.409333879522e+01 1.358220222882e+01
1.332670111475e+01 1.539218275490e+01 1.418564178356e+01 1.369057083460e+01
1.453989840093e+01 1.550327918578e+01 1.429706332040e+01 1.378573813410e+01
1.427979024613e+01 1.562722788157e+01 1.442911578849e+01 1.384256220621e+01
1.416125985733e+01 1.571837984620e+01 1.458161937125e+01 1.385568310790e+01
1.334555840017e+01 1.584223026193e+01 1.475653122706e+01 1.384572276732e+01
1.391191897733e+01 1.593207238357e+01 1.495171849858e+01 1.385176044056e+01
1.324719509513e+01 1.604140506436e+01 1.516757010037e+01 1.391695196075e+01
1.378549233337e+01 1.613317613179e+01 1.540179637933e+01 1.407690797079e+01
1.433560508435e+01 1.619914268947e+01 1.565227345428e+01 1.435395060915e+01
1.341275686372e+01 1.630825125377e+01 1.591804538286e+01 1.475446281080e+01
1.536331888714e+01 1.645818731128e+01 1.619582872847e+01 1.526795844043e+01
1.569207831694e+01 1.657768540474e+01 1.648031692860e+01 1.587046815017e+01
1.674220600908e+01 1.667429803550e+01 1.676758489680e+01 1.653279162727e+01
1.729737809658e+01 1.678196145077e+01 1.705391138009e+01 1.722731689051e+01
1.737110853251e+01 1.688862081102e+01 1.733469223709e+01 1.792630205698e+01
1.853654499554e+01 1.700433073634e+01 1.760612187197e+01 1.859434479202e+01
2.018336876154e+01 1.713064361187e+01 1.786434258083e+01 1.918713844113e+01
2.056176993111e+01 1.724763967654e+01 1.810540368156e+01 1.966388547109e+01
2.043937566744e+01 1.738889829385e+01 1.832737732151e+01 2.000511018355e+01
2.053820794918e+01 1.757541189515e+01 1.852916279344e+01 2.021911470510e+01
1.993548748297e+01 1.776236236568e+01 1.870892471195e+01 2.032968496506e+01
2.075265546264e+01 1.797187044498e+01 1.886715579926e+01 2.035541345215e+01
2.028892117103e+01 1.818609848943e+01 1.900419187235e+01 2.029910154475e+01
2.114171610480e+01 1.832776549380e+01 1.911959169602e+01 2.015647573186e+01
2.050915836771e+01 1.850761616848e+01 1.921817773541e+01 1.993542769348e+01
1.948614983111e+01 1.866357715580e+01 1.930116312839e+01 1.966663862706e+01
1.854669506479e+01 1.880124728817e+01 1.937170944370e+01 1.939444147655e+01
1.859544481125e+01 1.889272620739e+01 1.943232292505e+01 1.915671927751e+01
1.943057832717e+01 1.899786507886e+01 1.948770096974e+01 1.897394469761e+01
1.929800641447e+01 1.908733599101e+01 1.954011299147e+01 1.885659745877e+01
1.778947498968e+01 1.920048805121e+01 1.959314422065e+01 1.881868280000e+01
1.846531675998e+01 1.930311808525e+01 1.964827150477e+01 1.887774441569e+01
1.845673468277e+01 1.939033803683e+01 1.970695982305e+01 1.903698078210e+01
1.870309766874e+01 1.945524533049e+01 1.976986945796e+01 1.926599706087e+01
1.984659453812e+01 1.950423105277e+01 1.983740837668e+01 1.950207819328e+01
2.124023176141e+01 1.957455427983e+01 1.990995170211e+01 1.967837575399e+01
2.068814879408e+01 1.961541445579e+01 1.998518807781e+01 1.976174546499e+01
1.926838009447e+01 1.963396915577e+01 2.006154509593e+01 1.977218592543e+01
1.868335096169e+01 1.964063118794e+01 2.013686396583e+01 1.977035898431e+01
1.973445989330e+01 1.963422000694e+01 2.020831761917e+01 1.982683816733e+01
1.984881096734e+01 1.962751913154e+01 2.027301539592e+01 1.999735418385e+01
2.006477707002e+01 1.960137017382e+01 2.032721811755e+01 2.031192741263e+01
1.924073269269e+01 1.957164748606e+01 2.036830301321e+01 2.076663124873e+01
2.039652841282e+01 1.950706848323e+01 2.039251730972e+01 2.131154149820e+01
2.323452196250e+01 1.944500989281e+01 2.039791013711e+01 2.184856953447e+01
2.341452821843e+01 1.937992210446e+01 2.038213040723e+01 2.225641060493e+01
2.410653167120e+01 1.928455539947e+01 2.034274599629e+01 2.243679640048e+01
2.380284547822e+01 1.915568662498e+01 2.027857954069e+01 2.235288362524e+01
2.115079054922e+01 1.903820998569e+01 2.019055070213e+01 2.203495416559e+01
2.215589852540e+01 1.888539648989e+01 2.007808189408e+01 2.155580318436e+01
2.125000939446e+01 1.874451889700e+01 1.994354166038e+01 2.099855138293e+01
2.024390610728e+01 1.862461510985e+01 1.978893792236e+01 2.043493663592e+01
1.892875466886e+01 1.851015637149e+01 1.961611803113e+01 1.991466003975e+01
1.947298404512e+01 1.843502069736e+01 1.942873649629e+01 1.945928550170e+01
1.853253344160e+01 1.835656161487e+01 1.922902343295e+01 1.906156746722e+01
1.909389819896e+01 1.826528282431e+01 1.901977366088e+01 1.869659308291e+01
1.913398677598e+01 1.818005883395e+01 1.880398628753e+01 1.834331562070e+01
1.768071427364e+01 1.805907231390e+01 1.858289590382e+01 1.800256174034e+01
1.705925696754e+01 1.795635465924e+01 1.835992941247e+01 1.769714811703e+01
1.680563089964e+01 1.788908505282e+01 1.813743746402e+01 1.745478901574e+01
1.715544563779e+01 1.779880056297e+01 1.791554087584e+01 1.728981274137e+01
1.754323957708e+01 1.770323572894e+01 1.769583134445e+01 1.719864731703e+01
1.669910489502e+01 1.762802875589e+01 1.747972513924e+01 1.716838505562e+01
1.715124961901e+01 1.760352696741e+01 1.726845287208e+01 1.718529613709e+01
1.703291893382e+01 1.761539713835e+01 1.706229156450e+01 1.723313508448e+01
1.714138630002e+01 1.760497474217e+01 1.686066537246e+01 1.728383119407e+01
1.726739780890e+01 1.760567050250e+01 1.666545614825e+01 1.729186458115e+01
1.873536450952e+01 1.760384617380e+01 1.647767317210e+01 1.720128038219e+01
1.718305651861e+01 1.761284582096e+01 1.629923784856e+01 1.696456760750e+01
1.721567340688e+01 1.762616449499e+01 1.613219582351e+01 1.656402597301e+01
1.715963313690e+01 1.758983529250e+01 1.597812812583e+01 1.602434927019e+01
1.489833993767e+01 1.755764496166e+01 1.584139025013e+01 1.540965850023e+01
1.389130054279e+01 1.750466052822e+01 1.572445113362e+01 1.480598751287e+01
1.410219802706e+01 1.748184581144e+01 1.563181675388e+01 1.429748241552e+01
1.302871308152e+01 1.750587403939e+01 1.556698820591e+01 1.394620358373e+01
1.310236719537e+01 1.751795246439e+01 1.553154705869e+01 1.377952201512e+01
1.329305881816e+01 1.755968680125e+01 1.552939517520e+01 1.378320343194e+01
1.271253505374e+01 1.759494538395e+01 1.556175887986e+01 1.390159625696e+01
1.499948211095e+01 1.767452047668e+01 1.563135796621e+01 1.405399099137e+01
1.567759998093e+01 1.773176998762e+01 1.573747653246e+01 1.417163961031e+01
1.485475627338e+01 1.780564051186e+01 1.588105084233e+01 1.423915843550e+01
1.372286448708e+01 1.788610133901e+01 1.606105636872e+01 1.430888522001e+01
1.246211786569e+01 1.795173745554e+01 1.627531660311e+01 1.447140841882e+01
1.351953835432e+01 1.803673563686e+01 1.652189122605e+01 1.480172600508e+01
1.576772922147e+01 1.811727550429e+01 1.679659280458e+01 1.532099525292e+01
1.563911270904e+01 1.820398499039e+01 1.709551641628e+01 1.599622885962e+01
1.672778275093e+01 1.828915292216e+01 1.741390421332e+01 1.676555355267e+01
1.728290554980e+01 1.837160759908e+01 1.774679880058e+01 1.756249200857e+01
1.865788523078e+01 1.849925020191e+01 1.809023460217e+01 1.832761947360e+01
2.006475644249e+01 1.862410316896e+01 1.843791232065e+01 1.901453331627e+01
1.983350211942e+01 1.875136414413e+01 1.878489341849e+01 1.959748399521e+01
2.051624412243e+01 1.889056636446e+01 1.912663610262e+01 2.007667013952e+01
2.053565524390e+01 1.903847501646e+01 1.945879639829e+01 2.047328726110e+01
2.026170919659e+01 1.919242697661e+01 1.977780764349e+01 2.081517315823e+01
2.159810662235e+01 1.933414682661e+01 2.008004230260e+01 2.112332241581e+01
2.158542480112e+01 1.949623045213e+01 2.036369068820e+01 2.140788344718e+01
2.189090673097e+01 1.965487978267e+01 2.062662961582e+01 2.167187401781e+01
2.131669277293e+01 1.989435723476e+01 2.087012605695e+01 2.191434676694e+01
2.257711782687e+01 2.014277368195e+01 2.109244320705e+01 2.212918100861e+01
2.242626062928e+01 2.040231048119e+01 2.129454703582e+01 2.230405709059e+01
2.266833836773e+01 2.064175969846e+01 2.147713544424e+01 2.242510595984e+01
2.331064939037e+01 2.083703518874e+01 2.164134429009e+01 2.248537403151e+01
2.185633181249e+01 2.103390513996e+01 2.179067190638e+01 2.248929843779e+01
2.293486629244e+01 2.122480862798e+01 2.192764746460e+01 2.244817836830e+01
2.216726754887e+01 2.138783296548e+01 2.205477076752e+01 2.237032478222e+01
2.209057566490e+01 2.154084313906e+01 2.217563694153e+01 2.225561852686e+01
2.295694814522e+01 2.170689338480e+01 2.229348963643e+01 2.210169476314e+01
2.210870055539e+01 2.186205191172e+01 2.240984481255e+01 2.191906256221e+01
2.168539618104e+01 2.200703878690e+01 2.252616993510e+01 2.174294901354e+01
2.078732307358e+01 2.212737549142e+01 2.264318304393e+01 2.162959768252e+01
2.085931669479e+01 2.220077733896e+01 2.276099393158e+01 2.163586570983e+01
2.110549876267e+01 2.228132949196e+01 2.288067039311e+01 2.179429468687e+01
2.132040831859e+01 2.234317044624e+01 2.300046367953e+01 2.209977175855e+01
2.296463612848e+01 2.238770082900e+01 2.311852520544e+01 2.251515453541e+01
2.322963472932e+01 2.240838792506e+01 2.323213761573e+01 2.298934094877e+01
2.321331136587e+01 2.242331940414e+01 2.333880845136e+01 2.347425956164e+01
2.395366809681e+01 2.245694689125e+01 2.343579695886e+01 2.393317493188e+01
2.452670920809e+01 2.250356374581e+01 2.351951481874e+01 2.434375406484e+01
2.627675892227e+01 2.253668598655e+01 2.358590209894e+01 2.470078440538e+01
2.399581102519e+01 2.260184937814e+01 2.363293881628e+01 2.501367438737e+01
2.513102828038e+01 2.264118652197e+01 2.365680893466e+01 2.529009231638e+01
2.485226521886e+01 2.267902333790e+01 2.365632886370e+01 2.551132812795e+01
2.706411848030e+01 2.269345916797e+01 2.362990735493e+01 2.562245011573e+01
2.654160872188e+01 2.271703557706e+01 2.357821524915e+01 2.555569032940e+01
2.736605952100e+01 2.273255384622e+01 2.350196410793e+01 2.527689375203e+01
2.518556960078e+01 2.274778774777e+01 2.340353329378e+01 2.481954521528e+01
2.284458571031e+01 2.275325119216e+01 2.328567990990e+01 2.427567886490e+01
2.318128829368e+01 2.275424780150e+01 2.315246407933e+01 2.374597690353e+01
2.233463721884e+01 2.277291027862e+01 2.300889173876e+01 2.328401932299e+01
2.313126093342e+01 2.277978149268e+01 2.285922908358e+01 2.287429459710e+01
2.329692867833e+01 2.280027553459e+01 2.270940054664e+01 2.245782106821e+01
2.324832666637e+01 2.283429351293e+01 2.256463826802e+01 2.198479071506e+01
2.158071938869e+01 2.286251064082e+01 2.242963797827e+01 2.145621300158e+01
1.985704467738e+01 2.292587084480e+01 2.231008323696e+01 2.092755893477e+01
1.965940424379e+01 2.300536120672e+01 2.220948590741e+01 2.047747150415e+01
1.940001788066e+01 2.310389069518e+01 2.213106913816e+01 2.016942949691e+01
1.976463684168e+01 2.319863012372e+01 2.207655079336e+01 2.003367339331e+01
1.990118291379e+01 2.331012381582e+01 2.204794885562e+01 2.007380117723e+01
1.957597458187e+01 2.342291474803e+01 2.204555097674e+01 2.028086700968e+01
1.969907298641e+01 2.348847754110e+01 2.206792179719e+01 2.063728619856e+01
2.084068748212e+01 2.354685922630e+01 2.211496702942e+01 2.110967258054e+01
2.168939013693e+01 2.360105776009e+01 2.218500294804e+01 2.164349630011e+01
2.312107794726e+01 2.363128311134e+01 2.227535659503e+01 2.216982959415e+01
2.240875915748e+01 2.363510796857e+01 2.238347054428e+01 2.262220632328e+01
2.393542775663e+01 2.360341307669e+01 2.250655404214e+01 2.295454629461e+01
2.383966104185e+01 2.361480642651e+01 2.264380335866e+01 2.315283243365e+01
2.374370925794e+01 2.362093759543e+01 2.279151547443e+01 2.323651962103e+01
2.275148870834e+01 2.365149450018e+01 2.294834671617e+01 2.324774310162e+01
2.269783771445e+01 2.361021879124e+01 2.310996316462e+01 2.323186482016e+01
2.351442150625e+01 2.356927197243e+01 2.327612276458e+01 2.322045156585e+01
2.334367378550e+01 2.350417936271e+01 2.344432495440e+01 2.322760189987e+01
2.303997330569e+01 2.348321742624e+01 2.361436465479e+01 2.325966294898e+01
2.342681549738e+01 2.352033214270e+01 2.378469312716e+01 2.332765208522e+01
2.295355034830e+01 2.353897636472e+01 2.395173230569e+01 2.345163242468e+01
2.337587823641e+01 2.360717682131e+01 2.411557464198e+01 2.365447847884e+01
2.336308873154e+01 2.368285269979e+01 2.427377104656e+01 2.394991757557e+01
2.403691781429e+01 2.378727546982e+01 2.442548239663e+01 2.433230536951e+01
2.456845905429e+01 2.387644381267e+01 2.456808989915e+01 2.477428047164e+01
2.565652754014e+01 2.400279818786e+01 2.470119387273e+01 2.523404214369e+01
2.611084942588e+01 2.415770301061e+01 2.482308148761e+01 2.566755502495e+01
2.625729899630e+01 2.430006733072e+01 2.493159558865e+01 2.603727807051e+01
2.610891254666e+01 2.447501676796e+01 2.502731920007e+01 2.631311965740e+01
2.727305080805e+01 2.462860359707e+01 2.510895559819e+01 2.647017019657e+01
2.753774865286e+01 2.482427268520e+01 2.517873673885e+01 2.649102092843e+01
2.652690304671e+01 2.500423484875e+01 2.523648635708e+01 2.637393801736e+01
2.636338476968e+01 2.519443978159e+01 2.528454683830e+01 2.614037401661e+01
2.608745132773e+01 2.534593330882e+01 2.532410256662e+01 2.583515551112e+01
2.546850158205e+01 2.544893150969e+01 2.535754529882e+01 2.551738312747e+01
2.454891366316e+01 2.551290078578e+01 2.538800269394e+01 2.524307614169e+01
2.429310097266e+01 2.557940222916e+01 2.541945675666e+01 2.504367886704e+01
2.438509370374e+01 2.559691410919e+01 2.545352727849e+01 2.491132203661e+01
2.520350455103e+01 2.565961716304e+01 2.549542564121e+01 2.480500419339e+01
2.624694109170e+01 2.570967411573e+01 2.554620187519e+01 2.468070973487e+01
2.441784536454e+01 2.579621047421e+01 2.560883288324e+01 2.452784606275e+01
2.387425389054e+01 2.588983748764e+01 2.568384629581e+01 2.438545632487e+01
2.331900682277e+01 2.598920603185e+01 2.577187706291e+01 2.432656081672e+01
2.356709927541e+01 2.610488619637e+01 2.587310539580e+01 2.442310464617e+01
2.444832423572e+01 2.621615227343e+01 2.598599148377e+01 2.471337657111e+01
2.375662478034e+01 2.629091477159e+01 2.610786035233e+01 2.518483393213e+01
2.566527253731e+01 2.635512747571e+01 2.623674049223e+01 2.577474562081e+01
2.686078054219e+01 2.642523913438e+01 2.637012225923e+01 2.638866197712e+01
2.859120498668e+01 2.647330189974e+01 2.650413233987e+01 2.693398260278e+01
2.765560474350e+01 2.651980337313e+01 2.663595613588e+01 2.735593991280e+01
2.803354895494e+01 2.655106262233e+01 2.676212416516e+01 2.765599664499e+01
2.789339016955e+01 2.656439048851e+01 2.687966760178e+01 2.788031795063e+01
2.701006229312e+01 2.658660934542e+01 2.698683418357e+01 2.808456426938e+01
2.857849542012e+01 2.660539166620e+01 2.708139299547e+01 2.829544859629e+01
2.776696961526e+01 2.661660881662e+01 2.716178376359e+01 2.849020130554e+01
3.025082942190e+01 2.659838780224e+01 2.722668744973e+01 2.860454398775e+01
2.905426101876e+01 2.657855075706e+01 2.727667440183e+01 2.856509288695e+01
2.975740700864e+01 2.656827417427e+01 2.731229683364e+01 2.833013895259e+01
2.875277193763e+01 2.654668811521e+01 2.733369127294e+01 2.791858545705e+01
2.691787754629e+01 2.651610936884e+01 2.734191075935e+01 2.741235666337e+01
2.619642516308e+01 2.647839783154e+01 2.733810348113e+01 2.693046208293e+01
2.564866240934e+01 2.647738457701e+01 2.732458778215e+01 2.658706280211e+01
2.447810363098e+01 2.645973457028e+01 2.730127801917e+01 2.645363216497e+01
2.691443096918e+01 2.644956382298e+01 2.726982587561e+01 2.654127337492e+01
2.612511322796e+01 2.642973414122e+01 2.723081279301e+01 2.680561640482e+01
2.717938482538e+01 2.641372953046e+01 2.718541659826e+01 2.716430948218e+01
2.753623803554e+01 2.643249471097e+01 2.713478614911e+01 2.751678415661e+01
2.867854962748e+01 2.647720619378e+01 2.707880247304e+01 2.776535892597e+01
2.941098855070e+01 2.653812231887e+01 2.701735083705e+01 2.784085448341e+01
2.886052095881e+01 2.659405884843e+01 2.694997395544e+01 2.772674551584e+01
2.722724451145e+01 2.663373179007e+01 2.687652763678e+01 2.746598789327e+01
2.619411242253e+01 2.668540829428e+01 2.679782655328e+01 2.714127707666e+01
2.697505313528e+01 2.670247312423e+01 2.671309047067e+01 2.683911995895e+01
2.576670765688e+01 2.669802163507e+01 2.662332504661e+01 2.661919153949e+01
2.638604788895e+01 2.666271776761e+01 2.652919807806e+01 2.650191675889e+01
2.609472519095e+01 2.664454442211e+01 2.643289657894e+01 2.647169079614e+01
2.620361344496e+01 2.661986181332e+01 2.633509217922e+01 2.648753325830e+01
2.715887735869e+01 2.659801048208e+01 2.623763465188e+01 2.649708386376e+01
2.711290687779e+01 2.659225764061e+01 2.614263776691e+01 2.645218631783e+01
2.654589788889e+01 2.655862477978e+01 2.605114247192e+01 2.632145305731e+01
2.607435231016e+01 2.653995037398e+01 2.596639183220e+01 2.609490582000e+01
2.624614355650e+01 2.647719378113e+01 2.588919317572e+01 2.578190116327e+01
2.576970719107e+01 2.643661298253e+01 2.582324548716e+01 2.540833576667e+01
2.499128412930e+01 2.638404775853e+01 2.576945445495e+01 2.501548479649e+01
2.423924259790e+01 2.635016756015e+01 2.573002615043e+01 2.465637410204e+01
2.326072291241e+01 2.634963845945e+01 2.570621613562e+01 2.438623728074e+01
2.442770880915e+01 2.636222345366e+01 2.569803247322e+01 2.425011626721e+01
2.329551401255e+01 2.638468220910e+01 2.570549993933e+01 2.427330519539e+01
2.385697221889e+01 2.642803923489e+01 2.572842666722e+01 2.445655909185e+01
2.418151605729e+01 2.642759960761e+01 2.576446391127e+01 2.477499865226e+01
2.546356563906e+01 2.644146351847e+01 2.581375543162e+01 2.518132181277e+01
2.559202826489e+01 2.643653078314e+01 2.587368864419e+01 2.561531328219e+01
2.652174880719e+01 2.642546115534e+01 2.594253765556e+01 2.601854287576e+01
2.689710500557e+01 2.639428397085e+01 2.601772128932e+01 2.634877900964e+01
