1.339186081187e-02 1.871557820404e-03 -2.220195999501e-02 -1.573169611469e-03 -8.780933065889e-05
-8.810099183144e-03 2.415680115678e-04 7.702448990675e-02 -1.653816610174e-03 -7.005130799944e-05
1.674408406254e-01 -1.454282712577e-03 4.108710495620e-02 -1.713695984914e-03 -4.919451563066e-05
7.336411072926e-02 -3.306034888695e-03 -3.384418873259e-02 -1.783635876377e-03 -3.472562516214e-05
9.975246316020e-02 -5.081926575132e-03 -1.005571594148e-01 -1.797742614170e-03 -9.791367133915e-06
-1.277502081003e-01 -6.886517573974e-03 -1.697119957168e-01 -1.794540678705e-03 1.394740395800e-05
-2.396715282733e-01 -8.684487585528e-03 2.991109581368e-02 -1.770188198653e-03 3.677209095397e-05
-6.792801647292e-02 -1.040504637514e-02 1.178811982150e-01 -1.710981218632e-03 6.179293643257e-05
-3.909131843359e-03 -1.201573660787e-02 7.864178551250e-02 -1.615736647016e-03 8.884204822403e-05
8.935555455208e-02 -1.360525848411e-02 1.072176192190e-03 -1.520044775751e-03 1.081313502520e-04
-1.764779458978e-03 -1.501991219708e-02 -1.095056227149e-01 -1.385387202482e-03 1.303213239924e-04
-1.296556908777e-01 -1.626198081420e-02 -3.251663557094e-02 -1.221246546222e-03 1.529854510433e-04
-6.679805060086e-02 -1.744091505144e-02 7.391328435427e-02 -1.068685416631e-03 1.654942663557e-04
1.817087783080e-02 -1.845705073427e-02 7.495156481747e-02 -9.038477536258e-04 1.751758671492e-04
8.310507903407e-02 -1.918407911513e-02 -3.649786248524e-02 -6.949241925893e-04 1.912854247622e-04
-5.482484713968e-02 -1.982637352378e-02 -7.345411465170e-02 -5.099625338587e-04 1.960049564819e-04
-6.380315026934e-02 -2.016464203437e-02 2.776685015461e-02 -2.866171416268e-04 2.071097411276e-04
7.088531695428e-04 -2.028979940521e-02 -1.591109584209e-03 -5.724068925701e-05 2.162677520576e-04
-6.698536943776e-02 -2.025923242644e-02 -4.174254315412e-02 1.575094262484e-04 2.185205888168e-04
-8.277623313869e-02 -2.000995387708e-02 6.411768623691e-02 3.744948162908e-04 2.190930556687e-04
6.125000303605e-02 -1.947452200865e-02 2.300869606146e-02 6.118521903759e-04 2.232633096190e-04
-3.675884101578e-02 -1.876761828155e-02 -4.509967197398e-02 8.326570840256e-04 2.212724176753e-04
-2.894934091191e-02 -1.783113384070e-02 -2.746431303284e-02 1.053487569511e-03 2.180154419193e-04
-9.168746708146e-02 -1.663824928790e-02 -1.471560248396e-02 1.281262021665e-03 2.155843598936e-04
-5.838054587982e-02 -1.523059769679e-02 4.907449804867e-02 1.502285947755e-03 2.104581433189e-04
6.461529015869e-03 -1.362501860026e-02 3.152746592858e-02 1.711034228145e-03 2.014748297262e-04
4.674385977342e-03 -1.175926667966e-02 -4.076711344134e-02 1.926285906608e-03 1.940885263869e-04
-7.507269786680e-02 -9.741891073338e-03 -9.548827356906e-03 2.115225424765e-03 1.798184279671e-04
-1.442326873647e-02 -7.510499062373e-03 1.113143887795e-01 2.298069934070e-03 1.648311423671e-04
1.475560796922e-01 -5.207561936769e-03 -3.112314377764e-03 2.433507631725e-03 1.387413154366e-04
-2.064789749200e-02 -2.723606303483e-03 -8.681290378986e-02 2.558311348821e-03 1.126430419545e-04
-2.606972788753e-02 -1.030257826429e-04 3.413050151456e-03 2.662808533086e-03 8.490266321611e-05
-1.382179718908e-02 2.596464419364e-03 -1.141349969088e-01 2.730271334044e-03 5.338954370435e-05
-2.543397217052e-01 5.268954596640e-03 3.578182543003e-02 2.776465611888e-03 1.236646176699e-05
5.774185367097e-02 7.960356274602e-03 1.253643676972e-01 2.760073528894e-03 -3.056491722833e-05
-3.610986310676e-03 1.074241071818e-02 -4.017955524345e-02 2.743474156440e-03 -6.558367109374e-05
-2.261725681593e-02 1.350731785655e-02 3.755560401180e-02 2.651947528600e-03 -9.764599140462e-05
7.150022171291e-02 1.625039095980e-02 9.017197273503e-02 2.531536878966e-03 -1.228282378203e-04
1.577266886541e-01 1.876714402116e-02 -5.536380393083e-02 2.392749558747e-03 -1.544773942329e-04
-3.922738614874e-02 2.105217343415e-02 -1.972480153745e-02 2.213329136277e-03 -1.892465936792e-04
1.182770855792e-01 2.319506509447e-02 1.092693774449e-01 2.035746477432e-03 -2.162343890414e-04
1.793113687411e-01 2.508229440944e-02 -9.570584115491e-02 1.796523467735e-03 -2.416656010038e-04
-7.313459673059e-02 2.683164719697e-02 -1.211465684341e-01 1.542744324677e-03 -2.528145296266e-04
-6.298176812702e-02 2.823196053893e-02 1.401020269054e-01 1.266102492149e-03 -2.653794257844e-04
2.070694570803e-01 2.935433718760e-02 -1.365941630819e-02 9.978300408839e-04 -2.722888410824e-04
-9.030060074339e-02 3.025509025609e-02 -1.675745165959e-02 7.536387375223e-04 -2.687876332880e-04
1.735545537611e-01 3.091113613083e-02 1.143047433780e-01 4.883915044989e-04 -2.571809741572e-04
1.383088860127e-01 3.144231497398e-02 -1.055456088744e-01 2.760503833692e-04 -2.288973332126e-04
-3.753666398769e-02 3.168720635546e-02 -8.436995298190e-02 8.203308679792e-05 -1.999750310869e-04
-3.043101995114e-02 3.177386057518e-02 8.144689443517e-02 -8.714389997872e-05 -1.626518900041e-04
1.253571248826e-01 3.166774027672e-02 1.523251013207e-03 -2.323373680662e-04 -1.233393076262e-04
-2.738451792472e-02 3.131325651773e-02 -6.499503151252e-02 -3.446447640491e-04 -9.068062957442e-05
-4.632938142394e-03 3.095652626726e-02 5.364138246776e-02 -4.148376469146e-04 -4.858016700655e-05
7.989824701079e-02 3.055386156076e-02 2.931426353365e-02 -4.399746821099e-04 -5.503686238907e-06
5.399558892491e-02 3.004365219459e-02 -3.565660655810e-02 -4.658613897120e-04 2.891960632728e-05
8.585033894587e-03 2.959014119311e-02 4.076676657457e-02 -4.330336720089e-04 6.391502934445e-05
1.355291220741e-01 2.909626166452e-02 -3.599973905726e-03 -3.814324162442e-04 8.699160863910e-05
1.385086083134e-03 2.871656951911e-02 -3.019637628587e-02 -2.947924315440e-04 1.073351548449e-04
7.513636950232e-02 2.848256166847e-02 -7.943800195185e-02 -1.923264719514e-04 1.244195890968e-04
-1.574909178206e-01 2.832252708080e-02 -4.943709740400e-02 -7.557450556358e-05 1.299515117566e-04
-2.373782530568e-02 2.827197268808e-02 9.556998854168e-02 7.195075201348e-05 1.252628926726e-04
3.364905926279e-02 2.839464912051e-02 7.888929013239e-03 1.861012499984e-04 1.154102993742e-04
-7.959967279201e-03 2.857010988481e-02 -4.386814174634e-02 2.680805549799e-04 9.164445557554e-05
-5.408722422989e-02 2.884210172953e-02 -6.504171349934e-02 3.320073117016e-04 5.981109875036e-05
-1.380433942779e-01 2.928146600021e-02 1.128712051287e-01 3.477716370906e-04 2.916720818601e-05
1.716551860274e-01 2.966878263266e-02 8.992728733895e-02 3.755401784967e-04 -1.465283608251e-05
4.181118040001e-02 3.011342084624e-02 -9.579763641416e-03 3.609077382076e-04 -5.780120992919e-05
1.524956587446e-01 3.044935035391e-02 1.341822636362e-02 2.768320148499e-04 -1.079659429754e-04
6.864763312725e-02 3.064820832293e-02 -1.056756279152e-01 1.526795900951e-04 -1.608963833680e-04
-5.885559708574e-02 3.071731461534e-02 3.151357890540e-02 1.720664675615e-07 -2.095349267326e-04
1.316747909381e-01 3.064369705685e-02 -1.222140869860e-02 -2.271917632214e-04 -2.483091508045e-04
-8.329841448294e-02 3.022662065650e-02 -2.713938060011e-02 -4.876768968775e-04 -2.876917035402e-04
7.739602973783e-02 2.955247624900e-02 1.473436918277e-03 -7.640368646928e-04 -3.154200358312e-04
-8.035154064639e-02 2.874189341622e-02 -4.296952862004e-02 -1.066668830659e-03 -3.174968047473e-04
-8.543027502252e-03 2.763249012690e-02 1.149856650852e-01 -1.361632944326e-03 -3.052271367386e-04
1.496197895241e-01 2.603642057367e-02 2.415985342709e-02 -1.642793749927e-03 -2.939498493657e-04
3.977667935192e-02 2.424823288261e-02 9.211159858135e-02 -1.940009896307e-03 -2.600551802797e-04
3.338429866868e-01 2.207167812716e-02 7.015841164175e-02 -2.177366495845e-03 -2.230132113904e-04
1.800935026354e-01 1.968515943263e-02 -7.910756281289e-02 -2.376408465567e-03 -1.731535658420e-04
1.756278610610e-01 1.722847354302e-02 -5.667306833665e-02 -2.525129338530e-03 -1.054404414581e-04
6.674736596213e-02 1.473850218041e-02 -1.403223357728e-01 -2.577358336631e-03 -2.538564400394e-05
-1.050168104847e-01 1.206120817707e-02 -1.690515616878e-02 -2.568820516554e-03 4.449794975256e-05
3.293705362457e-02 9.490046346518e-03 7.526245716532e-02 -2.502138487845e-03 1.189879303270e-04
4.550810384591e-02 7.054784988395e-03 -1.338188928364e-01 -2.349030256266e-03 1.905547324162e-04
-2.347007320482e-01 4.793917081331e-03 -5.344901379397e-02 -2.115317992673e-03 2.525681723330e-04
-6.138992374203e-02 2.900259156721e-03 9.260336589885e-03 -1.798666991899e-03 3.121509289343e-04
-2.161800588684e-01 1.277929045051e-03 -1.937219414059e-02 -1.459227772024e-03 3.541075699427e-04
-1.001343120232e-01 -2.719625174994e-05 8.497664802117e-02 -1.072317248001e-03 3.770508214232e-04
-4.622676282608e-02 -9.411313531490e-04 9.189102942768e-03 -6.984246874668e-04 3.842130030982e-04
-8.175610613768e-02 -1.395953477289e-03 3.233298332326e-02 -2.860940694787e-04 3.803908914441e-04
1.843920382043e-02 -1.459465065641e-03 2.113220426750e-02 6.371117880009e-05 3.614767319837e-04
-3.949169760269e-02 -1.128468849121e-03 -9.269746735876e-02 4.304174778314e-04 3.313296209648e-04
-1.669557308971e-01 -5.328247181917e-04 -2.751154337991e-02 7.475970915718e-04 2.842015429647e-04
-9.451478436250e-02 3.060639438584e-04 8.365636512283e-02 9.905662526818e-04 2.256303061926e-04
3.569993485712e-04 1.429847529450e-03 1.050443655017e-01 1.184342883857e-03 1.673133548275e-04
1.155739466408e-01 2.717732096965e-03 9.369306802902e-02 1.302007663652e-03 1.077870837367e-04
1.877431354066e-01 4.047380179628e-03 -5.217702680601e-02 1.408411808873e-03 4.503591438342e-05
1.121989302880e-02 5.513801734057e-03 -8.481090581584e-02 1.447706075482e-03 -5.397428463681e-06
1.812132377494e-02 6.936330311721e-03 5.830527600021e-02 1.445247991918e-03 -5.163097897937e-05
1.278304450292e-01 8.309711379610e-03 1.949222689298e-02 1.377743207154e-03 -8.839161697230e-05
5.710577756089e-02 9.683743925279e-03 -8.746060896531e-02 1.278780620319e-03 -1.073518886997e-04
-4.709077290139e-02 1.083514758391e-02 -5.384970040374e-03 1.169576767204e-03 -1.250427074487e-04
4.633583748014e-02 1.194511139035e-02 1.244116413153e-01 1.027603602715e-03 -1.256695203332e-04
2.017325097293e-01 1.291928601412e-02 8.431732455616e-02 9.227311549852e-04 -1.182640196020e-04
2.149704865925e-01 1.382003644701e-02 -1.194204208023e-01 8.059496604060e-04 -1.001617942053e-04
-3.710833187533e-02 1.456161910202e-02 -1.446997940231e-01 7.084272681736e-04 -8.174277179946e-05
-7.442910145369e-02 1.520552148700e-02 -4.548202703200e-02 6.592940680493e-04 -6.217318942569e-05
-1.280723859393e-01 1.580391943501e-02 -3.221867459784e-02 6.068314165534e-04 -4.132223173378e-05
-1.388664506494e-01 1.628629586942e-02 4.491276361623e-02 6.109015421777e-04 -2.920244979253e-05
-3.824685870686e-02 1.684950064837e-02 1.434992647736e-01 6.168383022635e-04 -1.309897763538e-05
1.481320788979e-01 1.753061138966e-02 -4.746000928867e-02 6.673046075419e-04 7.053827047688e-06
-1.331668772842e-01 1.815244029918e-02 -1.264801431343e-01 6.787611852633e-04 1.456123039590e-05
-1.048282073707e-01 1.884528710936e-02 5.939482018676e-02 6.769841194981e-04 1.989200423297e-05
-1.437723691069e-02 1.959957996907e-02 6.145699464946e-02 7.226264843872e-04 2.192136097253e-05
1.808578192825e-02 2.038446451240e-02 1.239345945525e-01 7.659961839768e-04 1.845496164137e-05
2.334919521944e-01 2.125011614817e-02 8.542052619537e-03 7.601969073070e-04 1.567300609918e-05
3.516988716732e-02 2.203239175548e-02 -9.817540673567e-02 7.613438859780e-04 2.282302630988e-06
3.714113872303e-02 2.285509655623e-02 -5.364025222138e-02 7.310962720226e-04 -8.804606815248e-06
-7.211061727544e-02 2.350426134241e-02 6.776851888394e-02 6.709494848491e-04 -3.234352703243e-05
1.726781764909e-01 2.412827373191e-02 1.788498587988e-02 6.115736632638e-04 -5.316259952696e-05
-3.634064551569e-02 2.473619949593e-02 8.769559371904e-03 5.410004286741e-04 -6.815528687603e-05
1.902172952347e-01 2.523267115184e-02 3.854931981830e-02 4.666041637255e-04 -8.334746011555e-05
4.075799412091e-02 2.566262965055e-02 -1.451807727500e-01 3.717670397791e-04 -9.348082120019e-05
-1.001442502652e-01 2.604612391132e-02 -6.079719953604e-03 2.588705061742e-04 -9.581127184836e-05
2.859855421370e-02 2.631791782388e-02 3.327253427390e-02 1.599619129124e-04 -9.562864262339e-05
-3.359918171739e-02 2.639959176380e-02 3.106467067680e-02 5.422718083639e-05 -9.986941333048e-05
9.072789556730e-02 2.636341064804e-02 8.258527535324e-02 -3.478397448066e-05 -1.031958052396e-04
1.315713689891e-01 2.620889049798e-02 -5.649239243746e-03 -1.199092022419e-04 -1.066326593138e-04
7.942941707981e-02 2.603323878112e-02 -8.556998604908e-02 -2.231960979720e-04 -1.028300439517e-04
-3.956860310906e-02 2.581391165524e-02 -1.107819786190e-02 -3.040531659108e-04 -9.466981646095e-05
5.727302135601e-02 2.536098096431e-02 -1.193795669092e-02 -4.016844164659e-04 -9.887873350308e-05
-6.344451649090e-02 2.493472924459e-02 -5.540756616063e-02 -4.803421336860e-04 -9.426956096898e-05
-5.354211096524e-02 2.437584667391e-02 6.993002597026e-02 -5.922184909094e-04 -9.422692235098e-05
7.641553544962e-02 2.374852023757e-02 3.642280421815e-02 -6.734752354137e-04 -9.328802926790e-05
1.930349747106e-02 2.297665541481e-02 -6.096347811159e-02 -7.419504278373e-04 -9.782498093587e-05
-4.551142077357e-02 2.212821314542e-02 1.480172770990e-02 -8.135330295160e-04 -1.016018439504e-04
4.890695289085e-02 2.130826351998e-02 -6.169654981857e-04 -9.078494442464e-04 -9.486611779088e-05
-4.674535176994e-02 2.036799167588e-02 -2.240449560054e-02 -1.011171103199e-03 -8.909867780968e-05
4.097961689768e-03 1.936332265092e-02 4.861319243066e-02 -1.108134943728e-03 -7.913257920560e-05
5.048103309137e-02 1.830630761606e-02 1.392691930104e-01 -1.184560740511e-03 -6.401870479764e-05
2.826363477106e-01 1.708435185065e-02 -5.832444044916e-02 -1.253181614618e-03 -5.358840128930e-05
-6.616784780695e-02 1.572719402911e-02 -1.735679685433e-01 -1.294293150520e-03 -4.621948010436e-05
-6.449958937596e-02 1.439755599266e-02 1.213677796306e-01 -1.362954718097e-03 -2.927619350873e-05
1.765677114543e-01 1.309943190153e-02 1.079337835445e-01 -1.381051186886e-03 -4.160175939721e-06
1.513679777130e-01 1.170931542457e-02 -7.118799994705e-02 -1.380820959208e-03 1.613307123524e-05
3.419171156019e-02 1.029177997157e-02 -7.959091370786e-02 -1.364611502469e-03 3.434976941703e-05
-7.813849702685e-03 8.927479474851e-03 -2.590456780356e-02 -1.278904300528e-03 5.389833020785e-05
-1.761742404694e-02 7.593590650136e-03 -1.168795172901e-01 -1.232058726509e-03 7.000867618067e-05
-2.415728842828e-01 6.439431935802e-03 -3.925089711962e-02 -1.132804109400e-03 9.249422744228e-05
-9.611921828617e-02 5.381692721457e-03 1.198375106059e-01 -1.038177037181e-03 1.115910102287e-04
-1.897863070918e-03 4.362670771751e-03 4.598288591432e-02 -8.973555974496e-04 1.201304097098e-04
-4.153446457531e-03 3.637682078127e-03 -5.751355901644e-03 -7.466407180202e-04 1.374393410753e-04
-1.340057487421e-02 2.961939872520e-03 7.924170023270e-03 -5.681046684931e-04 1.417911809545e-04
1.169489358901e-02 2.442088588915e-03 4.142580316102e-02 -4.237241241764e-04 1.418329360469e-04
6.945103144784e-02 2.098774029568e-03 -3.953361239770e-02 -2.999333364678e-04 1.401294608773e-04
-6.737233120639e-02 1.795423281697e-03 -3.761561869230e-02 -1.794244438931e-04 1.263991278641e-04
-5.780205936755e-03 1.653472320963e-03 2.577985818788e-02 -7.272397802643e-05 1.123790816760e-04
-1.581261483063e-02 1.601152697177e-03 3.531734114753e-03 4.018609925233e-05 9.398322605724e-05
1.283262292751e-03 1.605144557864e-03 7.606669657136e-02 1.281076729612e-04 7.069710082618e-05
1.363207783121e-01 1.795112456969e-03 -6.866412811447e-02 2.149430160106e-04 5.575899414047e-05
-1.360449939362e-01 2.038875059967e-03 -1.970658074797e-02 2.560643862503e-04 4.061978490402e-05
9.690761681616e-02 2.271249020163e-03 1.478294064879e-02 2.880889039399e-04 2.220982817770e-05
-1.064791126386e-01 2.554386014467e-03 -1.793023194208e-02 2.866214385933e-04 7.751706574770e-06
6.104715293200e-02 2.883331919331e-03 6.931464952454e-02 2.893608783261e-04 -1.590083656990e-06
3.215018641048e-02 3.236177693813e-03 -1.635108738045e-02 3.173991933551e-04 -7.046248985918e-06
2.834497817111e-02 3.581736694466e-03 1.963962279546e-02 3.207334272166e-04 -1.073917296646e-05
7.142943200140e-02 3.897192712795e-03 -2.547844854603e-02 2.992814703804e-04 -1.394362490799e-05
-2.261191892094e-02 4.188004457922e-03 -2.641403369137e-02 2.935966449706e-04 -1.622849324172e-05
1.860136461866e-02 4.480398296531e-03 6.090666922823e-02 2.699736542221e-04 -1.568581640753e-05
9.920141953552e-02 4.724905527246e-03 -3.133537646025e-02 2.499403829415e-04 -1.671854055423e-05
-4.406938830183e-02 4.952987596249e-03 -8.433878266717e-02 2.395250939177e-04 -1.725854000061e-05
-6.947614579882e-02 5.115779051270e-03 -4.402519579645e-02 2.588105599755e-04 -2.213210735091e-05
-1.321197798947e-01 5.389095485591e-03 8.214939194939e-02 2.326057984675e-04 -1.680956884695e-05
9.482263809997e-02 5.628722925628e-03 4.903240640553e-02 2.086121985907e-04 -1.317393167653e-05
-3.405496708369e-02 5.753106404145e-03 -9.526237551516e-02 2.080407333176e-04 -1.841625215489e-05
-9.570211293036e-02 5.837347691392e-03 8.001686162523e-02 1.862911985200e-04 -2.618807838998e-05
1.259787561668e-01 6.028558265940e-03 -3.582197078666e-02 1.728142813905e-04 -2.387900683323e-05
-1.673460545037e-01 6.222706233294e-03 -4.805528100591e-03 1.578946412059e-04 -2.009286505821e-05
1.163676999656e-01 6.301305030731e-03 8.617454965467e-02 1.141144586747e-04 -2.429243474580e-05
5.003044805673e-03 6.451021559237e-03 -3.825653675848e-02 5.576360835742e-05 -2.031758411206e-05
3.985462644862e-02 6.495004853214e-03 1.086905996284e-01 1.458593784544e-05 -2.283006127744e-05
2.223842440624e-01 6.531587580015e-03 5.152089576082e-02 -3.253693151459e-07 -2.394102321633e-05
1.428964179703e-01 6.577869771682e-03 -1.222614099360e-01 -8.996791483192e-06 -2.248701360912e-05
-2.213857580950e-02 6.595888216284e-03 -9.738115224897e-02 -2.372054508238e-05 -2.167967521708e-05
-5.186588652768e-02 6.603173436623e-03 -5.979876392803e-02 -3.132976859342e-05 -2.016107124217e-05
-1.417361036656e-01 6.509420094081e-03 -1.326502004684e-02 -5.376167902934e-05 -2.545937408092e-05
-7.839592662136e-02 6.493471000814e-03 6.684660950803e-02 -7.804400720984e-05 -2.248592874778e-05
-8.042884649495e-03 6.443077212778e-03 -2.888590368219e-03 -9.061253127830e-05 -2.068088880429e-05
-8.417310735779e-02 6.381590618285e-03 6.633151534258e-02 -1.029190030795e-04 -1.813593308335e-05
1.246201460357e-01 6.256262829331e-03 3.149493148419e-02 -1.247411497699e-04 -1.898856899062e-05
-2.118324438940e-02 6.090714484028e-03 -8.785831506140e-02 -1.256544490959e-04 -2.110828872938e-05
-5.109648408714e-02 6.043558753592e-03 -2.825698987287e-02 -1.460652228794e-04 -1.102026049623e-05
-7.769722413513e-02 5.794653669878e-03 5.156694972481e-02 -1.652715439885e-04 -1.510426786667e-05
5.203741536248e-02 5.731696003366e-03 1.414550812785e-01 -1.665338281246e-04 -1.137905700952e-06
2.052129384218e-01 5.480877637195e-03 1.803941362587e-02 -1.773713914530e-04 -5.640034429313e-07
8.811624261422e-02 5.238062478592e-03 -1.185532301880e-01 -1.872924599352e-04 2.703604945794e-06
-3.189352195412e-02 5.034713487491e-03 -2.724812977604e-02 -1.800100168248e-04 1.053746889224e-05
3.361998306215e-02 4.753397381968e-03 6.573732102553e-03 -1.825199993979e-04 1.220605033552e-05
-1.874605774901e-02 4.580566557858e-03 -3.517372703263e-02 -1.693633253368e-04 2.213289104754e-05
-3.672747100311e-02 4.306364004937e-03 1.267674048807e-02 -1.742163773811e-04 2.159203221505e-05
6.607423227128e-03 4.126085783579e-03 4.565350486069e-02 -1.352720367319e-04 2.538632357638e-05
5.457953871826e-02 4.008329130630e-03 4.715317621101e-04 -1.153674739248e-04 2.946870545396e-05
7.550486751349e-03 3.944973697461e-03 -3.415198071262e-02 -8.846579055446e-05 3.225276861957e-05
-1.372442270698e-02 3.910521950872e-03 -2.636340418378e-02 -7.301299253889e-05 3.096953923197e-05
-4.517632161622e-02 3.827101682079e-03 -6.668374035758e-02 -3.504438035405e-05 1.886036151732e-05
-1.470919034221e-01 3.781781640556e-03 5.525441159763e-02 -3.473219800640e-05 3.854343848737e-06
6.533250157905e-02 3.771568147043e-03 1.078867558600e-01 -5.133347904280e-05 -1.258684545052e-05
6.868160829776e-02 3.695891889713e-03 -1.173640343607e-01 -5.430914663849e-05 -3.699642034207e-05
-1.693955671424e-01 3.680207439208e-03 -6.957703741121e-02 -1.183596576916e-04 -5.600964789157e-05
-7.047246652465e-02 3.511683100920e-03 4.793716938770e-02 -1.696188260614e-04 -8.401823615578e-05
-7.352122836696e-02 3.264789825046e-03 7.286520789335e-02 -2.744011324345e-04 -1.111466437490e-04
7.525794926205e-02 2.917000532555e-03 1.017808428790e-01 -3.934441447194e-04 -1.352045878800e-04
1.300404573910e-01 2.433946764713e-03 9.296152143915e-04 -4.995639800688e-04 -1.557844852689e-04
7.711717969083e-02 1.688348016243e-03 -1.326676716347e-02 -6.824656785619e-04 -1.799548758996e-04
1.035069230641e-01 8.671207797737e-04 -7.169788785993e-02 -8.842616462577e-04 -1.887957149295e-04
-6.627859602902e-02 -1.671526203570e-04 -1.947674096703e-02 -1.100088450568e-03 -1.918761425581e-04
6.455344113001e-02 -1.268375250810e-03 7.503527004843e-02 -1.289004400436e-03 -1.765366267331e-04
8.379194406784e-02 -2.645353598540e-03 6.450751074183e-03 -1.474682203135e-03 -1.609680244343e-04
7.745494327837e-02 -4.210334286989e-03 -5.645574818672e-02 -1.630655730402e-03 -1.396267980931e-04
-2.911955230561e-02 -5.908084829327e-03 -2.381884276758e-02 -1.773710915415e-03 -1.107007070285e-04
2.981725774322e-02 -7.653660970284e-03 6.419499709035e-02 -1.819840197418e-03 -7.145036061396e-05
9.927044187508e-02 -9.581492931470e-03 -8.941195703950e-02 -1.899401050732e-03 -3.769421255893e-05
-1.490066563358e-01 -1.145911746076e-02 3.391988309650e-02 -1.917087288243e-03 5.293682213602e-06
1.671102080681e-01 -1.335972717084e-02 1.463114463528e-03 -1.905124904419e-03 4.591661525312e-05
-1.460804274087e-01 -1.520957600819e-02 -1.465945687265e-01 -1.822282366578e-03 8.483738755988e-05
-1.260789293849e-01 -1.697538620990e-02 6.218904996191e-02 -1.676493948597e-03 1.193616934232e-04
-2.170232748490e-02 -1.867043798552e-02 -3.252535618092e-02 -1.548260682000e-03 1.443443003428e-04
-1.911296417467e-01 -2.016971098771e-02 4.721009209825e-03 -1.405420611649e-03 1.674063440861e-04
-1.226030906525e-02 -2.144745069587e-02 -2.975848305381e-02 -1.209777338914e-03 1.880006958290e-04
-2.506466078543e-01 -2.256062238412e-02 2.259723278080e-02 -1.019026208568e-03 1.997049668550e-04
3.293415649636e-02 -2.352012940086e-02 1.136747279474e-01 -8.360942273116e-04 2.014185501143e-04
-2.329715195959e-02 -2.420877168775e-02 -2.311743928977e-04 -6.198563966755e-04 2.031520299857e-04
3.247180771056e-02 -2.476285382691e-02 6.269130800161e-03 -4.188626542197e-04 1.944474007504e-04
-1.075889035926e-02 -2.510505909339e-02 -8.769687299189e-03 -2.330405629185e-04 1.836229993411e-04
1.493243311218e-02 -2.525774235600e-02 -2.699853486825e-02 -6.084081312085e-05 1.709375187200e-04
-6.475596009576e-02 -2.522983556102e-02 -1.399535809997e-02 9.598298288855e-05 1.578413447408e-04
-1.305828308776e-02 -2.499484434178e-02 6.266219549015e-02 2.359572954375e-04 1.486678030794e-04
6.056843088455e-02 -2.470071653442e-02 1.360301381143e-02 3.861411103471e-04 1.327269097146e-04
1.414774453511e-02 -2.429722411709e-02 -7.408354877708e-03 5.118942049806e-04 1.157163860282e-04
4.575172112913e-02 -2.369881299373e-02 -4.024176537456e-02 5.968889955588e-04 1.064787001182e-04
-6.633578621402e-02 -2.296641560255e-02 -2.380635489066e-02 7.082254209643e-04 1.007497697572e-04
-1.860988652191e-03 -2.223611077399e-02 9.407856757571e-02 7.807565913562e-04 8.770664507498e-05
1.218213489374e-01 -2.142033369421e-02 -1.333878309862e-01 8.754782587892e-04 7.513716194002e-05
-2.686366506246e-01 -2.055266935303e-02 -1.227012695458e-01 9.580529905182e-04 6.043074683887e-05
-1.235811901542e-01 -1.953749151250e-02 5.273135516607e-02 1.037259566965e-03 5.201087001924e-05
-1.631739402925e-01 -1.852128213682e-02 1.152258463810e-01 1.091442156055e-03 3.828361465470e-05
1.068705026078e-01 -1.739595052460e-02 5.048690949776e-02 1.116306301027e-03 2.932152901422e-05
-6.220012129697e-02 -1.632430975853e-02 -7.129524009086e-02 1.135402042169e-03 1.263535778143e-05
-3.571997757391e-02 -1.518700932724e-02 -1.992069013867e-03 1.157632161215e-03 -7.611442989527e-07
-6.618425932470e-02 -1.408673224247e-02 1.517450973834e-01 1.149597687847e-03 -1.791999807324e-05
2.677702171928e-01 -1.291478087843e-02 -6.342677562326e-02 1.129498789550e-03 -2.797222025176e-05
-1.930378105712e-01 -1.178665058696e-02 -1.144895803219e-01 1.105747981573e-03 -3.899989945884e-05
3.879105654894e-02 -1.077569029269e-02 7.591379799814e-02 1.059210227882e-03 -5.547170823209e-05
-4.121021457494e-02 -9.610334522868e-03 2.909272478441e-02 1.010024222579e-03 -5.321633720521e-05
9.697650611776e-02 -8.668163203473e-03 1.054164703062e-01 9.748630280822e-04 -6.290283282504e-05
1.696227260375e-01 -7.630737501136e-03 -1.103239184424e-01 9.098485063205e-04 -5.716110145599e-05
-1.236713307670e-01 -6.683547654679e-03 -1.277072532175e-01 8.473550499970e-04 -5.098808762995e-05
-8.579178039754e-02 -5.850875532669e-03 1.201346261794e-01 7.965692467331e-04 -4.674395673685e-05
1.165979215919e-01 -4.962399544343e-03 3.641996579428e-02 7.488628626564e-04 -3.092843116771e-05
-1.295184880899e-02 -4.150497600399e-03 -1.184533154980e-01 7.427620423049e-04 -1.603134057307e-05
-1.203087094041e-01 -3.314902547856e-03 6.164963825827e-02 7.123420957819e-04 4.770170556316e-06
1.103474277076e-01 -2.614300935814e-03 4.086466704419e-02 7.251859684710e-04 1.642675795077e-05
-3.857937531571e-02 -1.866510535485e-03 -7.394260614128e-02 7.477221210509e-04 3.188851593209e-05
-3.753778457500e-02 -1.137785454319e-03 3.490857590899e-03 7.822681122016e-04 4.361340905322e-05
-3.159766013391e-02 -2.915168801719e-04 8.325700765324e-03 8.427572849749e-04 6.080436802876e-05
-2.088638304435e-02 5.584206279814e-04 3.193810702655e-02 9.056269403274e-04 7.190263315958e-05
3.227855391920e-02 1.560976905279e-03 1.912909609474e-02 9.878989522824e-04 8.748454539560e-05
1.737180914514e-02 2.570280862318e-03 -4.347978529296e-02 1.069959807376e-03 9.376053383105e-05
-5.468101666672e-02 3.622700446507e-03 -3.655508660641e-02 1.158644747409e-03 9.262741915143e-05
-5.573836406768e-02 4.781444753701e-03 9.638440509506e-02 1.240457804813e-03 8.871422429389e-05
1.380877935234e-01 6.052751638592e-03 -2.895891980351e-02 1.332191332920e-03 8.226576531803e-05
-1.136562036747e-01 7.483464945861e-03 -4.900509880406e-02 1.414367578487e-03 7.732189867637e-05
4.007759591529e-02 8.929021010344e-03 5.572163905216e-02 1.482961928237e-03 6.258957503846e-05
-2.212925570379e-03 1.033340646654e-02 4.062106635113e-02 1.528704481336e-03 3.484220812828e-05
1.213197286176e-01 1.199374016362e-02 -1.189894495471e-02 1.533787877489e-03 2.110080914495e-05
-2.601081547980e-02 1.357349948228e-02 -6.658638374860e-02 1.528105237100e-03 -4.245401671084e-06
-1.185303887964e-02 1.515854014055e-02 -2.777966511835e-02 1.494539270284e-03 -3.124563122078e-05
-8.157014571650e-02 1.664744911949e-02 3.424454829802e-02 1.471899125070e-03 -6.535336328267e-05
5.663605771639e-02 1.816325278863e-02 7.548878748236e-03 1.401726647664e-03 -9.281308544093e-05
-6.647238822003e-02 1.950022133868e-02 -1.403166946418e-03 1.281413043419e-03 -1.265668495724e-04
5.382972382356e-02 2.067160728326e-02 6.074183165901e-02 1.113269059946e-03 -1.611794334663e-04
5.501127509799e-02 2.158550743001e-02 -7.305727294292e-02 9.562769668098e-04 -2.005599017292e-04
-9.228482206229e-02 2.254717809900e-02 7.002246362194e-02 7.376514718131e-04 -2.155681934339e-04
1.950562023419e-01 2.316595986977e-02 6.258038252090e-02 5.174026513890e-04 -2.355251402606e-04
3.287594297951e-02 2.358633199430e-02 -4.502171656378e-02 2.737938234190e-04 -2.460020216702e-04
1.050127692143e-01 2.366757806384e-02 1.132063288508e-02 2.339716640366e-05 -2.569172088527e-04
5.551720874966e-02 2.355839084665e-02 -4.881986281058e-02 -2.003651943428e-04 -2.552570166132e-04
7.373043593134e-03 2.339863096766e-02 3.051321877695e-02 -4.250130931252e-04 -2.297608472917e-04
1.165436463036e-01 2.289798635514e-02 7.865466650334e-02 -6.512804737976e-04 -2.058456555524e-04
1.646823765998e-01 2.214066063604e-02 -3.935176467356e-02 -8.228322786336e-04 -1.790639178184e-04
3.784011695644e-02 2.122467388804e-02 -8.846090148298e-02 -9.901401932086e-04 -1.446106742318e-04
-1.223942636615e-02 2.009026204260e-02 -1.397844439126e-02 -1.162791133481e-03 -1.109317058331e-04
9.883228173914e-03 1.888708773397e-02 -2.401631012736e-02 -1.229327108075e-03 -7.049633115165e-05
-6.027204662086e-02 1.760202647280e-02 3.591678489644e-02 -1.294421814411e-03 -2.977872471768e-05
8.171679796680e-02 1.626726428805e-02 6.949308729666e-03 -1.320625128722e-03 9.044684486179e-06
-4.637342916153e-02 1.490953870539e-02 1.781347705235e-03 -1.313094482642e-03 4.314817824542e-05
8.527949337727e-02 1.365464596113e-02 -8.441172273892e-03 -1.248174136993e-03 7.811335848887e-05
-6.325577370931e-02 1.239795767602e-02 -9.379017351845e-02 -1.165254038981e-03 1.009473044823e-04
-1.023008536596e-01 1.130601781890e-02 -1.534485146126e-02 -1.044588055303e-03 1.221728774387e-04
-9.394547663184e-02 1.034463336714e-02 5.358791415272e-02 -9.204616720357e-04 1.364800173638e-04
4.874974645806e-03 9.447161105805e-03 8.872941411206e-02 -8.061790190734e-04 1.372099549363e-04
8.351335159228e-02 8.636236893560e-03 -9.066082958008e-03 -6.651575538779e-04 1.259532826759e-04
-1.325719127021e-02 8.058248314768e-03 -1.171832470357e-01 -5.597022738281e-04 1.158503558108e-04
-1.508531424790e-01 7.555772179967e-03 4.042068414992e-02 -4.447363571459e-04 9.568129656459e-05
6.758417702962e-02 7.172801268327e-03 7.499746737925e-02 -3.564027085041e-04 7.170744647461e-05
-8.582077205386e-04 6.770289589297e-03 -2.147393921617e-02 -2.980059376251e-04 3.597496410241e-05
2.463629859728e-02 6.513652302206e-03 5.760394732882e-02 -2.743905681903e-04 6.512703490850e-06
1.143496869371e-01 6.235721205305e-03 5.736371186627e-02 -2.869287336421e-04 -2.610812883278e-05
1.393637223298e-01 5.961897602013e-03 -8.477899183525e-02 -3.359027762545e-04 -5.517702391262e-05
-5.520829673338e-02 5.580402471826e-03 -1.406702961452e-01 -3.986763495050e-04 -8.576169735184e-05
-1.419768699605e-01 5.221516265486e-03 -1.647308272665e-03 -4.843164422453e-04 -1.032004560216e-04
-5.850291327871e-02 4.595766096191e-03 1.235438815610e-01 -6.122304011550e-04 -1.281035842952e-04
1.051108931615e-01 3.900663114111e-03 3.496901034100e-02 -7.407851686916e-04 -1.412552596908e-04
1.143510740330e-02 3.116032718147e-03 -4.175714144659e-02 -8.946647319896e-04 -1.425696528811e-04
2.159661026838e-02 1.986033147557e-03 -4.691977256827e-02 -1.046444243117e-03 -1.525081828992e-04
-8.240443773324e-02 8.093331939240e-04 4.699148087235e-02 -1.204244830447e-03 -1.462228740641e-04
1.155795720131e-01 -4.904623766814e-04 1.831018963506e-01 -1.328996504841e-03 -1.313594438938e-04
2.837993549680e-01 -1.947249965279e-03 -4.878947320973e-02 -1.457548065076e-03 -1.128959196337e-04
1.800062559362e-02 -3.455891026098e-03 -1.072995048458e-01 -1.555056150858e-03 -8.488653421815e-05
6.920034527635e-02 -5.077984537900e-03 -2.418462244590e-02 -1.610181899256e-03 -5.632046065472e-05
-3.036861929819e-02 -6.790460657902e-03 -1.672029190880e-01 -1.640765175407e-03 -2.939953369411e-05
-2.652054928996e-01 -8.351014832581e-03 6.543970845794e-02 -1.618745274037e-03 1.167058553411e-05
1.005107976177e-01 -9.923980141238e-03 8.730828990300e-02 -1.581927166504e-03 4.873859156025e-05
-9.058891309362e-02 -1.151587560070e-02 -1.005605631679e-01 -1.526944843815e-03 7.736421921491e-05
-1.006103287182e-01 -1.302996351903e-02 -2.046311537405e-02 -1.456815193182e-03 1.022070701836e-04
-1.315151438417e-01 -1.451473532139e-02 7.751663317179e-02 -1.352240662340e-03 1.162775576197e-04
5.442293762542e-02 -1.574398256421e-02 1.873504174496e-02 -1.218725371355e-03 1.360576844260e-04
-9.404506035180e-02 -1.682093428252e-02 8.567690555066e-04 -1.038880126287e-03 1.510352223570e-04
5.613647573643e-02 -1.776803002682e-02 4.902695902659e-02 -8.923904334086e-04 1.586872459176e-04
4.008857701367e-03 -1.849886478873e-02 -1.007318629848e-01 -7.286916922647e-04 1.664905887063e-04
-1.453272502332e-01 -1.908918151498e-02 -3.307729415584e-02 -5.653426880796e-04 1.685770879724e-04
-6.214573061031e-02 -1.951155369320e-02 5.998232172185e-02 -3.804277121591e-04 1.680407294547e-04
-2.536260678954e-02 -1.977369656842e-02 4.856360221234e-02 -1.878482432644e-04 1.651918790119e-04
3.498147381436e-02 -1.988556015739e-02 3.207100035938e-02 -2.911339682992e-05 1.607383801165e-04
3.877939392923e-02 -1.975522024692e-02 -5.969747101024e-02 1.235445414394e-04 1.638685571357e-04
-8.441346820611e-02 -1.957150148098e-02 3.217539234833e-03 2.931298618537e-04 1.595471445653e-04
4.521447239890e-02 -1.921057366460e-02 3.629019984386e-02 4.487600686966e-04 1.585792758316e-04
-1.183306851839e-02 -1.863101732456e-02 -1.718386788950e-02 6.283606110863e-04 1.643696552161e-04
1.084673661990e-02 -1.795775799092e-02 1.221710970300e-02 8.063910837239e-04 1.658065699799e-04
1.260115088760e-02 -1.709945630111e-02 6.797496672093e-02 9.936539367633e-04 1.695525897142e-04
1.467966700618e-01 -1.602712438831e-02 -8.391597498902e-02 1.153930346775e-03 1.769515878335e-04
-1.552307990904e-01 -1.468117297395e-02 -7.176749061743e-02 1.336416234625e-03 1.914629469254e-04
3.261688826900e-03 -1.323579592618e-02 7.481338604589e-02 1.522156638752e-03 1.966128837894e-04
-5.604026998657e-03 -1.163877069491e-02 -1.146955043745e-01 1.733193528877e-03 1.949602303456e-04
-2.261293199221e-01 -9.783593498697e-03 -4.754995624482e-02 1.936826270377e-03 1.940211230007e-04
-1.007039394883e-01 -7.822452809069e-03 1.236095341746e-01 2.110355411670e-03 1.807017497477e-04
2.108974842706e-02 -5.549021198784e-03 -3.322277533118e-03 2.290307513993e-03 1.722764016356e-04
-1.073484945545e-01 -3.247696847982e-03 -6.862168520767e-03 2.454278751659e-03 1.456129169348e-04
7.365411385529e-03 -8.211653166289e-04 6.320882841679e-02 2.614735870193e-03 1.103824288509e-04
1.906916227905e-02 1.876363068008e-03 -3.270889391396e-02 2.723259975813e-03 8.144812287224e-05
-5.805237644238e-02 4.574152136965e-03 1.048127717210e-01 2.782631988755e-03 4.001783747444e-05
2.286947057211e-01 7.361209129852e-03 6.293208172002e-02 2.793573510554e-03 -2.031669167425e-06
6.781178699766e-02 1.019325991231e-02 -1.554895382379e-01 2.730185035416e-03 -4.313482633154e-05
-8.228437075476e-02 1.286392721080e-02 -9.050048281356e-02 2.673455410111e-03 -9.536373816889e-05
-1.131891786295e-01 1.552210889836e-02 -2.189514569244e-02 2.547636555179e-03 -1.408878728218e-04
-1.260746621396e-01 1.803373996986e-02 1.094656137463e-01 2.375351702061e-03 -1.849467032064e-04
1.057420488632e-01 2.042509526346e-02 1.754468744276e-01 2.176280709748e-03 -2.200355091139e-04
2.248190867155e-01 2.247857131883e-02 -5.930185005315e-02 1.945338562585e-03 -2.595168307645e-04
-1.286165124314e-02 2.431866343059e-02 -5.797604126319e-02 1.659693397951e-03 -2.884244990846e-04
1.088670041891e-01 2.584426137646e-02 3.418696556474e-02 1.374012174289e-03 -3.116202802195e-04
5.551227988634e-02 2.708380259574e-02 1.431548195458e-02 1.062399806661e-03 -3.242719385413e-04
1.374979680983e-01 2.810817661375e-02 4.258742064213e-02 7.434512370234e-04 -3.189058671516e-04
1.406871211706e-01 2.861162194176e-02 -8.031170020236e-02 3.894933519679e-04 -3.203686520566e-04
-2.312543230646e-02 2.890126581749e-02 -3.620646043493e-02 8.686005389242e-05 -3.037925742388e-04
6.827420030075e-02 2.881555847863e-02 1.253327222671e-02 -2.072584660513e-04 -2.847419899698e-04
1.941112146955e-03 2.855595172496e-02 -4.783440251597e-02 -4.448860710956e-04 -2.494206160575e-04
-2.739460473120e-02 2.799669691286e-02 6.584931521468e-02 -6.918552497010e-04 -2.119700779547e-04
1.336397425763e-01 2.722732329475e-02 1.306321130409e-02 -8.681169249494e-04 -1.693388487533e-04
-1.268182123023e-03 2.618900917006e-02 -5.154577479586e-02 -1.045232829335e-03 -1.313495171230e-04
3.054819298460e-02 2.497807383498e-02 -2.807660684008e-02 -1.184114246152e-03 -9.474124149089e-05
-5.742139580318e-02 2.376464980766e-02 4.774715620457e-02 -1.251449973694e-03 -5.085802761892e-05
1.260425053937e-01 2.240908060277e-02 2.116783802194e-02 -1.277861403421e-03 -1.685660219653e-05
-1.508571975930e-02 2.121545251709e-02 -5.091736577445e-02 -1.280707883255e-03 2.784473535702e-05
2.420777384483e-02 1.996048937307e-02 3.965841101173e-02 -1.233967702633e-03 6.008545587960e-05
6.423110226415e-02 1.876078430013e-02 -8.481976581652e-02 -1.161746844546e-03 8.564153283725e-05
-1.454317577882e-01 1.764519134474e-02 2.181117286561e-02 -1.111489737866e-03 1.044262658011e-04
1.078534479954e-01 1.654395400873e-02 3.433594171555e-02 -1.035683860247e-03 1.089892475150e-04
-7.675987435711e-02 1.554706912917e-02 -5.776131819609e-02 -9.275489424835e-04 1.056617692919e-04
-7.669188396814e-03 1.469466661796e-02 8.169856119452e-02 -8.404895130043e-04 9.801649452000e-05
8.663724803194e-02 1.391428641963e-02 -3.857778529326e-02 -7.451971842936e-04 8.133938135387e-05
-8.482475898333e-02 1.320589571712e-02 -6.448384273347e-02 -6.713891409335e-04 5.780702929022e-05
-4.233043743501e-02 1.256347805569e-02 -2.491275881111e-03 -6.374640647930e-04 3.031217678598e-05
-8.980731074555e-02 1.186656060246e-02 2.476489977807e-02 -5.979888359967e-04 -7.453500946046e-06
7.199362121134e-03 1.128811833206e-02 5.721275876690e-02 -5.990808893612e-04 -3.688345541154e-05
2.461820678824e-02 1.073021060989e-02 7.145796735285e-03 -6.480356447050e-04 -6.137128159345e-05
2.149095559170e-02 1.014746550312e-02 6.990228710022e-02 -7.157178183354e-04 -8.030064946866e-05
1.644227809887e-01 9.397303378448e-03 2.504452246126e-03 -8.298788222332e-04 -1.014765614749e-04
2.649986008396e-02 8.546719521990e-03 -8.302755866669e-02 -9.094572412759e-04 -1.161898574990e-04
-1.632336344686e-03 7.499719233917e-03 2.376790650475e-02 -1.008503993144e-03 -1.302703187937e-04
7.403567309346e-02 6.426105353760e-03 2.946822373660e-02 -1.140765686802e-03 -1.275984564289e-04
5.730411112851e-02 5.143347185659e-03 5.048464916234e-02 -1.265580433831e-03 -1.227847543138e-04
1.750049714181e-01 3.798808927201e-03 -1.426994504185e-01 -1.374111747043e-03 -1.044757615147e-04
-2.280947897085e-01 2.368123351090e-03 -3.074162294943e-02 -1.440197093271e-03 -7.710280186845e-05
1.135217255193e-01 8.415899304672e-04 1.001092417782e-01 -1.487441788649e-03 -4.495557134202e-05
-2.787630615215e-02 -6.673114152411e-04 5.383180031254e-02 -1.517800127825e-03 -2.703674753622e-06
2.211853261443e-01 -2.184150667149e-03 -1.218733484475e-02 -1.485867930738e-03 4.220530234805e-05
-5.225097584165e-02 -3.662696853503e-03 -6.937012311654e-02 -1.426136289029e-03 8.772338972017e-05
8.244507991127e-02 -5.009541098246e-03 -8.289900808988e-02 -1.312555590375e-03 1.356078549604e-04
-2.180489920214e-01 -6.291390298161e-03 -1.582717344794e-01 -1.142051333870e-03 1.740358765838e-04
-2.340983890475e-01 -7.309557990208e-03 1.258596251792e-01 -9.398809606511e-04 2.139080195940e-04
3.367025833693e-02 -8.123464395667e-03 7.471664078202e-02 -6.998943768298e-04 2.453347540179e-04
-8.466510748345e-02 -8.629486740811e-03 2.299605656055e-02 -4.340677682499e-04 2.728687243369e-04
7.966237145803e-02 -8.945677160208e-03 5.061594098714e-02 -1.351737777525e-04 2.836018835133e-04
1.656677449083e-02 -8.926572944929e-03 -4.226128632719e-02 1.515114320346e-04 2.881387312061e-04
-4.860201196352e-03 -8.646199693560e-03 -9.166375112951e-02 4.376389132607e-04 2.802720322942e-04
-1.667607277682e-01 -8.040075187528e-03 -8.375363496694e-02 7.325626985783e-04 2.662896618261e-04
-1.723674711302e-01 -7.118588893526e-03 7.349834220449e-02 9.764888467808e-04 2.477494553476e-04
-1.976404335919e-02 -6.103414913619e-03 7.321441740866e-02 1.206531789981e-03 2.097314657150e-04
-2.593863631290e-02 -4.780090324216e-03 2.811296973037e-02 1.388267033288e-03 1.745050643542e-04
3.646189610155e-02 -3.321041131305e-03 1.979662176214e-02 1.538029061698e-03 1.327431498227e-04
1.365460721137e-02 -1.779614560612e-03 -3.449136464717e-02 1.649944177026e-03 8.524549297859e-05
-3.252083319279e-02 -1.072599235247e-04 -6.723833784757e-04 1.692942380497e-03 4.176070349082e-05
1.230984045442e-02 1.601928314590e-03 7.334114138209e-02 1.705700239098e-03 -1.366975277530e-07
1.141614495714e-01 3.334307212869e-03 3.628021251289e-02 1.677590529736e-03 -3.682304323863e-05
8.487026548020e-02 5.021316286246e-03 1.450366573114e-02 1.634099719271e-03 -6.993903353842e-05
1.431687810337e-01 6.653502532716e-03 -7.805107222934e-02 1.565087991453e-03 -9.698820165583e-05
-7.123187897848e-02 8.077649959487e-03 4.749039441053e-03 1.433655085477e-03 -1.276622226738e-04
1.526668599158e-01 9.366030176267e-03 3.082760374992e-02 1.305273037019e-03 -1.536945837682e-04
-9.576671478635e-03 1.055860500188e-02 -8.113101915313e-02 1.139528982261e-03 -1.703408582119e-04
-9.595178390504e-03 1.162269174427e-02 -4.482269174105e-02 9.670129060242e-04 -1.793990020440e-04
-9.922205496074e-02 1.251373366359e-02 2.115039500771e-03 8.034898364966e-04 -1.845706120721e-04
-5.365099388963e-03 1.317499990995e-02 9.044021707046e-02 6.142829014836e-04 -1.906627754985e-04
8.165837918018e-02 1.372137567865e-02 -5.854836342987e-03 4.667372538508e-04 -1.886370956768e-04
-1.707477207494e-02 1.422230012899e-02 -5.601421358070e-02 2.731021069033e-04 -1.732293757802e-04
-3.037004798123e-02 1.444939513008e-02 2.787949562236e-02 1.372745668520e-04 -1.643193111938e-04
3.868421916978e-02 1.447367059984e-02 -8.478233463705e-03 -3.748368495543e-05 -1.568139089197e-04
-4.732651490864e-02 1.430390807415e-02 1.774284820574e-03 -1.614430379392e-04 -1.506480368073e-04
4.223278881093e-02 1.408040373187e-02 2.302378221091e-02 -3.120449147848e-04 -1.349259757851e-04
-1.278950486817e-03 1.363728847247e-02 1.257505973216e-02 -4.424130387693e-04 -1.241185399094e-04
6.738290827524e-02 1.327682631581e-02 2.721653724353e-02 -5.588438056498e-04 -9.422484141409e-05
5.315412400024e-02 1.271473917977e-02 2.071197015464e-02 -6.777411368939e-04 -7.028707376820e-05
1.088068485845e-01 1.210447588166e-02 -3.860967712829e-03 -7.014652574349e-04 -4.190472716712e-05
4.543218857458e-02 1.136072171457e-02 -4.708094577134e-02 -7.555296885010e-04 -1.861745831236e-05
1.464495704184e-02 1.060523914016e-02 -3.013541676924e-02 -7.440005907336e-04 7.293895476548e-06
-1.483864496390e-02 9.819467007056e-03 5.088443454834e-02 -7.344813496860e-04 3.125100781211e-05
1.164138261385e-01 9.025295649688e-03 2.065421472225e-02 -7.143925408455e-04 5.236206446109e-05
2.646978448059e-02 8.363858218752e-03 -1.087491933764e-01 -6.759878228046e-04 7.935496884205e-05
-1.010845606143e-01 7.763231029892e-03 -2.141080609202e-02 -6.108189975973e-04 1.029807244452e-04
-1.635182770344e-02 7.161136511464e-03 3.674560820994e-02 -5.173348088566e-04 1.149036500915e-04
-2.759334419440e-02 6.819802388317e-03 -2.277157343257e-02 -3.673143317690e-04 1.339570215110e-04
-6.189497456859e-02 6.473669526663e-03 -3.218272384718e-02 -2.368110121352e-04 1.358596170466e-04
-9.195879188876e-02 6.347260860384e-03 1.815685275932e-02 -8.545372045127e-05 1.382338982027e-04
-2.558126904995e-02 6.356573285953e-03 5.057903249850e-02 5.140265770673e-05 1.336315384006e-04
9.199273108238e-03 6.519548772722e-03 5.371117688913e-02 1.953759482774e-04 1.240125697535e-04
8.184108472831e-02 6.769255948798e-03 4.757219047974e-02 3.320074890046e-04 1.049976799073e-04
1.043436540677e-01 7.098013714352e-03 -1.323753287223e-01 4.275612577544e-04 7.842797747803e-05
-1.829095727162e-01 7.441147309866e-03 -7.935140073382e-02 4.859625317079e-04 4.242433920368e-05
-5.435914739992e-02 7.920954928062e-03 6.369243296966e-02 4.928921020664e-04 1.139460048292e-05
-5.552470677691e-02 8.398927644467e-03 3.958419633197e-02 5.142045988530e-04 -2.219307255537e-05
2.480924526401e-02 8.846435111118e-03 7.182360140381e-02 4.597925251828e-04 -5.631237376197e-05
8.812249603071e-02 9.303750559386e-03 -4.698959540118e-02 3.959452889208e-04 -8.301690448041e-05
-6.916994553836e-02 9.673354595891e-03 5.137113983306e-02 2.860075661659e-04 -1.064713334235e-04
1.908647756968e-01 9.908965122241e-03 9.436037301356e-02 1.694070795280e-04 -1.270717056157e-04
1.195508004888e-01 1.002775722762e-02 -8.911165623861e-03 5.529637542302e-05 -1.410194996069e-04
1.730424444491e-01 1.001463385270e-02 -1.065554124036e-01 -9.215866183908e-05 -1.477314732829e-04
-9.356002431854e-02 9.833037745977e-03 -6.762401165258e-02 -2.512275951398e-04 -1.491350078657e-04
3.779442114395e-02 9.474329770374e-03 3.977207289003e-02 -4.003497674297e-04 -1.460830907229e-04
-1.401587853848e-02 9.025789312033e-03 -6.306360439385e-02 -5.435393017389e-04 -1.323926920493e-04
-8.833278764374e-02 8.383646962718e-03 8.542959561939e-02 -6.700441571771e-04 -1.186118883189e-04
1.568433127003e-01 7.623414567049e-03 3.590103578789e-03 -7.891915443544e-04 -1.008744801361e-04
-8.115258048616e-02 6.731959786820e-03 4.577133398215e-02 -8.822432238888e-04 -8.315065588722e-05
2.483859806646e-01 5.751109956936e-03 -1.925212991419e-02 -9.615106119688e-04 -6.504380930815e-05
-1.196568403145e-01 4.777020857033e-03 -8.903569083813e-02 -9.888099700687e-04 -4.188103334688e-05
7.031459898835e-02 3.705852369093e-03 9.596666606616e-03 -1.030011138909e-03 -2.525934559997e-05
-1.004635071013e-01 2.686576031710e-03 -1.269020190611e-01 -1.036777293589e-03 -5.177048734541e-06
-1.834894391338e-01 1.669226174896e-03 1.415913439030e-02 -1.031065203554e-03 1.191744389193e-05
-7.214523832071e-02 6.650939962570e-04 6.435658187995e-02 -9.839755450828e-04 2.510179503877e-05
-5.477627537394e-02 -3.074746653538e-04 -2.245531975766e-02 -9.491765812874e-04 3.480854505032e-05
-1.170558778360e-01 -1.163573119579e-03 1.492045045969e-01 -9.085398495256e-04 4.782999453449e-05
2.436327338198e-01 -2.025377017172e-03 1.906205185713e-02 -8.550853357215e-04 5.380611008136e-05
-7.893177412177e-02 -2.844869735464e-03 -6.910278703910e-02 -8.029643516901e-04 5.699601636642e-05
1.054271597416e-01 -3.371171744656e-03 5.730854756870e-02 -6.832898117679e-04 7.816667817721e-05
3.568532101563e-02 -3.779549517942e-03 4.401999726641e-03 -5.505509926032e-04 1.021580742959e-04
1.142311591949e-01 -4.012694963115e-03 1.877928565310e-02 -3.694223878525e-04 1.330426994769e-04
7.324389232184e-02 -4.151171808349e-03 -8.463895919199e-02 -1.778172661223e-04 1.629569124774e-04
-5.504675918911e-02 -4.046787693150e-03 -1.182857685290e-01 7.215804740346e-05 2.024392794934e-04
-1.633276447361e-01 -3.565013171725e-03 -2.413322485119e-02 4.024277789583e-04 2.593589356927e-04
-1.033132088915e-01 -2.734355225907e-03 1.207108580053e-01 7.344652713637e-04 3.274641987063e-04
7.809407127448e-02 -1.632101370848e-03 -8.760669474301e-03 1.135473164828e-03 3.954948972672e-04
-1.208345478401e-01 -1.442816628053e-05 -8.080024033537e-03 1.631715920812e-03 4.770846598401e-04
6.193402320741e-02 2.064344638669e-03 4.585113901993e-02 2.206293004982e-03 5.598725735466e-04
-2.913226980024e-02 4.750302836072e-03 -2.552259890320e-02 2.876295558873e-03 6.472691407509e-04
1.088882540100e-02 8.223398885568e-03 6.232933058642e-02 3.626214120645e-03 7.446194594461e-04
9.552639137260e-02 1.242401322887e-02 -7.742936745527e-03 4.504500291123e-03 8.362038811719e-04
-4.597048090056e-03 1.750181805376e-02 -7.611364513107e-02 5.445997082885e-03 9.234907592416e-04
-5.670089888954e-02 2.360270986618e-02 -2.127875489173e-02 6.494379309464e-03 1.007679621257e-03
-4.715455787351e-02 3.082507214254e-02 3.694001176225e-02 7.579398966958e-03 1.086365698521e-03
1.717912463497e-02 3.916172193076e-02 -2.445393348657e-04 8.759728990737e-03 1.148941992147e-03
-4.764363654325e-02 4.871004038283e-02 -4.751071540588e-02 9.984717120917e-03 1.194415308512e-03
-7.784230617679e-02 5.949172079031e-02 -1.378025829864e-02 1.122657801598e-02 1.217651520647e-03
-7.520415314053e-02 7.146268091778e-02 -1.000483118612e-02 1.251002421727e-02 1.209915351644e-03
-9.785196854903e-02 8.485058894022e-02 9.595137140726e-02 1.376777841374e-02 1.187780419285e-03
1.166985896740e-01 9.937584709824e-02 -7.683755555629e-03 1.502376865200e-02 1.128371424661e-03
-1.132194796603e-01 1.151702285398e-01 -3.027638451987e-02 1.614776563469e-02 1.046941138879e-03
5.614582063426e-02 1.319765193185e-01 7.283693175017e-02 1.719334315493e-02 9.299583533409e-04
3.245438384007e-02 1.498594294793e-01 3.602956877136e-02 1.810235853324e-02 7.937697384858e-04
1.282049581770e-01 1.685860108839e-01 -9.804060628377e-03 1.884803399391e-02 6.335389505649e-04
1.284626258331e-02 1.879966736699e-01 -1.761645197372e-02 1.945119961640e-02 4.531980676792e-04
9.297205422953e-02 2.079229913729e-01 1.234467862729e-02 1.987121014111e-02 2.583693167320e-04
3.753561983789e-02 2.281601981988e-01 -4.741000551627e-02 2.007604842249e-02 5.406217645732e-05
-1.847956803011e-03 2.483124372121e-01 2.375010835743e-01 2.009029615810e-02 -1.694043253863e-04
5.125377869864e-01 2.686148061724e-01 2.315871218596e-01 1.989225548091e-02 -3.685931987519e-04
4.613262869162e-01 2.884976672112e-01 3.238174071326e-02 1.949952431767e-02 -5.675792472007e-04
5.773012684129e-01 3.079400510909e-01 -4.521601708472e-02 1.891647057837e-02 -7.459053294134e-04
3.708942527468e-01 3.265817161875e-01 -3.683424857368e-02 1.814171519112e-02 -9.130838110424e-04
5.036327712656e-01 3.443943831472e-01 1.941971331671e-01 1.721127241711e-02 -1.053435758111e-03
7.592885190810e-01 3.613186243123e-01 8.723125336616e-03 1.616077094223e-02 -1.157296804451e-03
5.210790219388e-01 3.771645620310e-01 -1.795668727796e-01 1.500536319956e-02 -1.229522742435e-03
4.001547735218e-01 3.918450881793e-01 2.820549822887e-02 1.381090486642e-02 -1.270459979156e-03
5.774900183965e-01 4.052916508233e-01 3.132590132995e-02 1.261981146236e-02 -1.283225942097e-03
4.628065761817e-01 4.174837885870e-01 -4.502613513866e-02 1.137310363056e-02 -1.269880722630e-03
4.874377481192e-01 4.284895981131e-01 3.616813253004e-02 1.020350906129e-02 -1.228685800263e-03
5.351428412417e-01 4.383346399485e-01 3.947122613496e-02 9.064362559528e-03 -1.164825436279e-03
5.663802003891e-01 4.470513067512e-01 -6.347610975406e-02 7.999166124057e-03 -1.084939217950e-03
4.081906217336e-01 4.546706059148e-01 -1.570309662054e-02 7.015513842376e-03 -9.977522676693e-04
5.349740071481e-01 4.614968856025e-01 1.453107732675e-03 6.147210306977e-03 -8.905292217981e-04
4.110968371990e-01 4.675387473744e-01 -2.218568568701e-02 5.387291748808e-03 -7.760163141727e-04
4.906026357740e-01 4.728727365255e-01 2.381281334618e-02 4.742785704863e-03 -6.613204222428e-04
4.587224638913e-01 4.775121588510e-01 -5.561642199975e-02 4.192548741383e-03 -5.581654147437e-04
3.793697917745e-01 4.816945542440e-01 -1.689118333193e-02 3.742057559295e-03 -4.584777773702e-04
4.249400972275e-01 4.854211101552e-01 9.450426207188e-02 3.364531019073e-03 -3.725266658193e-04
5.683783159183e-01 4.888243950410e-01 7.535781219804e-02 3.071310663763e-03 -2.980893090735e-04
5.756557216236e-01 4.920004597254e-01 -7.882265266589e-02 2.850664714367e-03 -2.345193314382e-04
4.107330105865e-01 4.950212847406e-01 -8.712934659425e-02 2.740454228795e-03 -1.820098463547e-04
4.013970284351e-01 4.979099230249e-01 3.834436660366e-02 2.617871727701e-03 -1.426575036430e-04
4.874217437939e-01 5.006189929903e-01 2.031640164097e-02 2.539604340318e-03 -1.224971333539e-04
4.420298317170e-01 5.032957724307e-01 4.346640447164e-02 2.482432287465e-03 -1.104592813604e-04
5.743545527371e-01 5.058757604933e-01 7.860274948758e-02 2.438264190945e-03 -1.118618682777e-04
5.992353306922e-01 5.084466822093e-01 -2.175549887224e-02 2.376664295483e-03 -1.181579262276e-04
5.308435549927e-01 5.109589338535e-01 -1.115295634215e-01 2.323078895386e-03 -1.316205047988e-04
3.761762038492e-01 5.134495680337e-01 8.205580167910e-02 2.254181603207e-03 -1.468942062142e-04
6.949551583509e-01 5.159155265879e-01 8.850032021208e-02 2.175946904166e-03 -1.615597517154e-04
5.531768442734e-01 5.180076086377e-01 -4.119483818578e-02 2.098405473696e-03 -2.020181796856e-04
6.125654819793e-01 5.201126017259e-01 -8.986962110593e-02 2.003609540329e-03 -2.329424501225e-04
3.734376020616e-01 5.220350769728e-01 -1.061073854668e-01 1.880476867733e-03 -2.673357536937e-04
4.003507110457e-01 5.239279265385e-01 8.739406509658e-02 1.716429394092e-03 -2.890995913478e-04
5.482257322547e-01 5.255103813415e-01 5.565409328125e-02 1.518008628130e-03 -3.184923362766e-04
5.116588976082e-01 5.268451554409e-01 2.766304296466e-02 1.332395171078e-03 -3.477882359892e-04
6.035518181840e-01 5.280553511535e-01 8.561800907283e-02 1.095448775286e-03 -3.642986343705e-04
6.828949157539e-01 5.290091916374e-01 -1.036092261707e-01 8.167268546502e-04 -3.764883541977e-04
3.963333658427e-01 5.296649851122e-01 -2.017093189072e-02 5.589131432569e-04 -3.864208972631e-04
6.425530519724e-01 5.301239571963e-01 7.165399784376e-02 2.907180237443e-04 -3.849729832240e-04
5.396413615302e-01 5.302652715749e-01 -6.412031313450e-02 1.645298656857e-05 -3.818160106555e-04
5.143124257034e-01 5.301732013437e-01 -6.539071942301e-02 -2.309559423105e-04 -3.704160115690e-04
4.088599226842e-01 5.298125280424e-01 7.410786681474e-02 -4.659194914434e-04 -3.549696578033e-04
6.625281593329e-01 5.292600074501e-01 1.405953667627e-01 -7.037558944625e-04 -3.306383356067e-04
6.900506562097e-01 5.284273574711e-01 1.111605056164e-02 -9.065045698517e-04 -3.071355189658e-04
6.847602604562e-01 5.274588930204e-01 -9.945409402982e-02 -1.092246599695e-03 -2.754279040981e-04
4.911424681501e-01 5.263085309052e-01 -7.265791117773e-02 -1.233036646847e-03 -2.428773529750e-04
5.394444381008e-01 5.249907942108e-01 -4.741757927135e-02 -1.359659605733e-03 -2.120291954998e-04
3.963073096074e-01 5.236008760206e-01 -5.560936001205e-02 -1.459812464482e-03 -1.786222201461e-04
4.282257180767e-01 5.221433137735e-01 4.248584371751e-02 -1.513648133596e-03 -1.462690760818e-04
4.812789970424e-01 5.205833474051e-01 1.459771209173e-01 -1.526943737005e-03 -1.218178805151e-04
7.201799599112e-01 5.190036503559e-01 -1.769784809460e-02 -1.521139029595e-03 -1.016846972883e-04
4.458833008532e-01 5.175429754163e-01 -1.585590909455e-01 -1.498952343238e-03 -7.695697890432e-05
4.030617780201e-01 5.161968315753e-01 1.240626418000e-02 -1.432049723967e-03 -5.054349781534e-05
4.706958292132e-01 5.147729627671e-01 1.961874174439e-02 -1.370464184102e-03 -4.030539073577e-05
4.422992615089e-01 5.134742674758e-01 -1.483889286814e-02 -1.292410794682e-03 -3.020782292010e-05
4.410180434769e-01 5.123152287685e-01 3.722186603915e-02 -1.162782284722e-03 -1.997481129022e-05
5.167429935872e-01 5.111899967818e-01 6.201024192390e-02 -1.048652946425e-03 -1.865156394108e-05
5.650385273247e-01 5.101789265201e-01 6.876272403755e-02 -9.477798269213e-04 -1.873294004116e-05
6.542684416623e-01 5.092823642240e-01 -8.993361450944e-02 -8.745678293846e-04 -1.902035600424e-05
3.851712983058e-01 5.083522361909e-01 -2.892339807514e-02 -7.711537341636e-04 -3.095224793877e-05
5.964216455120e-01 5.075675486465e-01 6.658635057689e-02 -6.935313006891e-04 -3.857419291498e-05
5.183439994596e-01 5.068264891550e-01 8.885366680933e-03 -6.209115101875e-04 -4.907669462911e-05
6.141923788739e-01 5.062702258221e-01 -5.625390549142e-02 -5.712826818035e-04 -4.959000021621e-05
4.058361884768e-01 5.057320106854e-01 -4.947937122921e-02 -5.264590047849e-04 -5.320135410227e-05
5.152336364155e-01 5.052013302869e-01 5.091646380508e-02 -4.666223075741e-04 -6.052566908439e-05
5.076691160869e-01 5.048015728640e-01 -6.182786892944e-02 -3.987431024253e-04 -6.130607066030e-05
3.915778985566e-01 5.043386136983e-01 -8.259317336599e-03 -3.519765023263e-04 -7.161472204999e-05
4.911504814137e-01 5.039354559177e-01 8.065287947979e-02 -2.944019158033e-04 -8.114911036268e-05
5.528836575162e-01 5.036442749215e-01 -1.763445234772e-02 -2.857519227662e-04 -8.527957681756e-05
4.558815767183e-01 5.032911770132e-01 1.232581747749e-02 -2.539212727165e-04 -9.833036651441e-05
5.775352924712e-01 5.030743951976e-01 4.086433556034e-02 -2.230704329295e-04 -1.038696492764e-04
5.376102478390e-01 5.028807112693e-01 -3.954353141528e-02 -2.048455557459e-04 -1.109294108045e-04
4.984482296406e-01 5.027688862131e-01 -3.490294009740e-02 -1.952905581539e-04 -1.139058164436e-04
4.678043676442e-01 5.024950383331e-01 4.141164471926e-04 -1.896728354013e-04 -1.322098651715e-04
4.992764625350e-01 5.021727301955e-01 3.110024670897e-02 -2.106456189361e-04 -1.547878945143e-04
5.300048610621e-01 5.017829125617e-01 -4.500071328271e-02 -2.661992078636e-04 -1.809331762857e-04
4.092750359696e-01 5.013869573495e-01 -4.561742764466e-02 -3.683344623129e-04 -2.027453294330e-04
4.387700057728e-01 5.009364237669e-01 4.970292799631e-02 -4.659459433282e-04 -2.217170467366e-04
5.086808919622e-01 5.004786169599e-01 1.535794303108e-02 -5.808841565998e-04 -2.316301875072e-04
4.694858918349e-01 4.998391083820e-01 -3.743597848595e-02 -7.171197955473e-04 -2.446272918009e-04
4.338089349903e-01 4.990971728043e-01 3.820340350601e-02 -8.426562809655e-04 -2.521359910401e-04
5.458926988470e-01 4.981050610706e-01 1.435174218779e-01 -9.621729259892e-04 -2.650865882816e-04
7.208437787461e-01 4.971299004103e-01 -5.782558382578e-02 -1.103768863554e-03 -2.599242174542e-04
4.302415311954e-01 4.959512008218e-01 -9.527986089258e-02 -1.265571293247e-03 -2.541818183473e-04
5.302840569609e-01 4.946400938292e-01 1.632583735248e-01 -1.398231589104e-03 -2.422059753105e-04
7.567582782450e-01 4.932307806350e-01 8.978112421007e-03 -1.513542589402e-03 -2.224367171070e-04
5.482402818029e-01 4.917558613337e-01 -1.298572426704e-01 -1.594952392831e-03 -1.941898157809e-04
4.970437929042e-01 4.901113214537e-01 -6.686602192044e-02 -1.661144038993e-03 -1.687807726314e-04
4.145082379620e-01 4.884104925180e-01 -4.329721711495e-02 -1.691301514985e-03 -1.398695394356e-04
4.104493586743e-01 4.866744468619e-01 -2.808090664285e-04 -1.679013255174e-03 -1.094524984184e-04
4.139466198292e-01 4.850468762209e-01 -1.025283395563e-02 -1.664414580309e-03 -6.927785904642e-05
3.899436907631e-01 4.833838749787e-01 3.202873601018e-02 -1.588562739087e-03 -3.547134004833e-05
4.780040918495e-01 4.818357821857e-01 1.880908661737e-02 -1.487797267216e-03 1.894978253048e-07
4.275618639978e-01 4.802929849351e-01 -1.054927871376e-02 -1.366953349079e-03 2.481406989115e-05
4.569055344220e-01 4.789587372960e-01 8.522607450135e-02 -1.242101280621e-03 5.213083062453e-05
5.980140130005e-01 4.778502363342e-01 -4.290711148239e-02 -1.044615485558e-03 8.013935633642e-05
3.710913114572e-01 4.769253985077e-01 -6.367836689794e-02 -8.306882552365e-04 1.021128411108e-04
4.706572792046e-01 4.762943747525e-01 1.071879212136e-02 -5.994866365982e-04 1.249799920679e-04
3.925288956999e-01 4.758231349528e-01 -2.488263175625e-02 -3.527880910565e-04 1.357478575973e-04
4.208920156921e-01 4.755092072567e-01 1.014814612155e-01 -1.139579617015e-04 1.332263505929e-04
5.954918181309e-01 4.754923971967e-01 7.257652093847e-02 1.177969711131e-04 1.289366542810e-04
5.660450575691e-01 4.757720940080e-01 2.230561906021e-02 3.864317650712e-04 1.227471987439e-04
6.401030562514e-01 4.763212401725e-01 -6.067551223454e-02 6.401756349189e-04 1.128396312418e-04
4.446940331000e-01 4.770697108650e-01 -1.379985825597e-01 8.594494075818e-04 9.497263274382e-05
3.641058911319e-01 4.780939464754e-01 -8.175874537526e-02 1.072099362704e-03 7.753072984892e-05
2.811765423495e-01 4.791800647298e-01 -4.226539607583e-02 1.229400173867e-03 4.535170886370e-05
2.795750989802e-01 4.804709756755e-01 8.317699739164e-02 1.377575563374e-03 1.357231276992e-05
4.475305371327e-01 4.818517049686e-01 1.434852908486e-01 1.456005772682e-03 -2.364552842860e-05
5.665456806775e-01 4.833793369680e-01 1.396487710138e-03 1.527540340741e-03 -5.751318287478e-05
4.503235125530e-01 4.849187117773e-01 6.410875526119e-03 1.565985347804e-03 -9.546486141383e-05
5.793674317297e-01 4.865305093094e-01 1.565031345307e-02 1.574815203352e-03 -1.283094482687e-04
4.816241394591e-01 4.881359541164e-01 9.782725575223e-03 1.545064866668e-03 -1.585512311785e-04
5.989328828802e-01 4.896725308275e-01 -3.080774487281e-02 1.501636099871e-03 -1.877370153520e-04
4.200086497135e-01 4.910654619430e-01 -3.548386752687e-02 1.440569002882e-03 -2.189585098563e-04
5.279651478264e-01 4.924487116478e-01 7.450705194836e-02 1.313237947984e-03 -2.378212801712e-04
5.690227536102e-01 4.937033701364e-01 6.385482047853e-02 1.191433925926e-03 -2.518790079902e-04
6.556747887835e-01 4.947418363695e-01 -4.502540925036e-02 1.077311084044e-03 -2.674144244882e-04
4.789719351095e-01 4.957611374771e-01 -7.448201879104e-02 9.400577968429e-04 -2.672992892072e-04
5.067107512014e-01 4.966358986477e-01 2.411572378584e-02 7.931675165275e-04 -2.618573424693e-04
5.272033826812e-01 4.973336262752e-01 1.633981026425e-03 6.274981881409e-04 -2.543163263907e-04
5.099787132543e-01 4.979583544547e-01 -9.663162987187e-03 4.963106263370e-04 -2.374163147166e-04
5.078770567068e-01 4.984482533786e-01 -4.935660138421e-03 3.805139403347e-04 -2.184865348960e-04
5.001073929774e-01 4.988521068255e-01 -9.580420214561e-02 2.859512099701e-04 -1.957895873315e-04
3.162686524156e-01 4.990873221654e-01 -8.319430196716e-02 2.067428501044e-04 -1.786886522125e-04
3.337187890431e-01 4.993638170103e-01 1.483519229221e-01 1.682868400657e-04 -1.523629874622e-04
6.129724982597e-01 4.995266637071e-01 1.062193367282e-01 1.359197212674e-04 -1.323467375097e-04
5.461574624995e-01 4.995725772568e-01 2.263717307951e-03 1.229901221598e-04 -1.211380013601e-04
6.174999328756e-01 4.997172296936e-01 -1.988877823032e-02 1.070836992570e-04 -1.026198657194e-04
5.063799060389e-01 4.997405050480e-01 -1.384297245466e-01 9.374936085866e-05 -9.663469739300e-05
3.406404837825e-01 4.997626881208e-01 -5.032881234843e-02 7.159567688815e-05 -9.418161397440e-05
4.057222813420e-01 4.999546932107e-01 1.540116357363e-01 1.121908894473e-04 -8.228846312769e-05
6.486637552550e-01 5.000464111831e-01 1.119541157546e-01 1.545107750352e-04 -8.463594752266e-05
6.296305128512e-01 5.002359521033e-01 -7.882819105646e-02 2.044482542287e-04 -8.495266233291e-05
4.910073731421e-01 5.003710657564e-01 -6.008370204867e-03 2.367090254436e-04 -9.568316286722e-05
6.176137724414e-01 5.005895050672e-01 -8.431377633407e-02 2.348568547346e-04 -1.043317645777e-04
3.223798204739e-01 5.008759001645e-01 -6.381155819097e-02 2.285897713380e-04 -1.110352141507e-04
4.899906560595e-01 5.011631150466e-01 -8.012841501296e-03 2.005981205190e-04 -1.201249199392e-04
3.063541374714e-01 5.014414858792e-01 1.779643864186e-02 1.686347498980e-04 -1.308556199591e-04
5.255835333432e-01 5.016821051449e-01 8.729804218539e-02 1.582486311914e-04 -1.442438137079e-04
4.809502218421e-01 5.017455495675e-01 2.274706752116e-02 1.104858650189e-04 -1.699310213209e-04
5.710776683855e-01 5.017810059038e-01 3.290751202917e-02 2.363428322454e-05 -1.926302143048e-04
5.467652459005e-01 5.018183988469e-01 1.588808141082e-03 -3.018832715785e-05 -2.076502075061e-04
5.742552846677e-01 5.017359615642e-01 -1.909498443553e-02 -1.342687744006e-04 -2.229699800252e-04
5.085752770294e-01 5.015092623515e-01 -6.573451899650e-02 -2.387536950684e-04 -2.382669988529e-04
4.427862466747e-01 5.011762570367e-01 1.236643274878e-02 -3.905285538865e-04 -2.482621835721e-04
5.333081425270e-01 5.007301689223e-01 2.926787939281e-02 -5.163265930385e-04 -2.520327395277e-04
5.013220054603e-01 5.001255364784e-01 2.142907189589e-02 -6.444515818089e-04 -2.527972038384e-04
5.761662863188e-01 4.993157770432e-01 9.164526253494e-03 -7.763886728023e-04 -2.540769611571e-04
5.196510579673e-01 4.985177754889e-01 -9.656478563259e-02 -8.991310850387e-04 -2.381118336072e-04
3.830367150536e-01 4.975354457345e-01 2.979921389653e-02 -1.018761984559e-03 -2.223697829012e-04
5.792494857604e-01 4.964452019863e-01 8.518086699848e-02 -1.115508820295e-03 -2.023165154412e-04
5.533984490505e-01 4.952579424016e-01 6.271910318497e-04 -1.197048236540e-03 -1.795122164146e-04
5.805038678241e-01 4.940799957551e-01 -5.044957516810e-02 -1.231333840653e-03 -1.482668715120e-04
4.524992987143e-01 4.927553304978e-01 4.332941067771e-02 -1.273195878786e-03 -1.249060215592e-04
6.671626891795e-01 4.915168701122e-01 1.851264306214e-02 -1.293989800862e-03 -9.318296094764e-05
4.895245848386e-01 4.903219277566e-01 -1.431159727684e-01 -1.266252121345e-03 -6.045277697736e-05
3.809307436427e-01 4.889764027662e-01 -1.827436691218e-02 -1.209599864660e-03 -4.659463072649e-05
4.529758510143e-01 4.877961362282e-01 -5.584113553130e-02 -1.123579683225e-03 -2.829801093227e-05
2.692484725801e-01 4.867024845871e-01 -1.094350770901e-01 -1.009301164738e-03 -1.472505536182e-05
2.341056968341e-01 4.858128312698e-01 2.086674402181e-01 -8.804514063529e-04 1.925921319064e-06
6.865833530163e-01 4.849895346045e-01 1.257322131736e-01 -7.910678155805e-04 9.385747024283e-06
4.855701231813e-01 4.842843178825e-01 -4.708360049439e-02 -6.769308369332e-04 1.175019832914e-05
5.924161520275e-01 4.836032745402e-01 -3.620645387990e-02 -5.416906563363e-04 1.083002896530e-06
4.131572154215e-01 4.830370613056e-01 -9.759740221334e-02 -4.269757311013e-04 -1.403196553234e-05
3.972213476009e-01 4.826888316073e-01 4.657624752670e-02 -3.233126905477e-04 -2.317867087382e-05
5.063097104749e-01 4.823743949830e-01 3.640252368075e-02 -2.240931838598e-04 -3.979669953217e-05
4.700263949624e-01 4.822175218501e-01 8.646310700680e-03 -1.807607320060e-04 -5.098616974998e-05
5.236023318763e-01 4.821094767337e-01 8.869320949721e-02 -1.127539825580e-04 -6.348939222716e-05
6.474128139568e-01 4.821256806603e-01 -7.453224077923e-02 -7.454042141927e-05 -6.904792061769e-05
3.745378503178e-01 4.820149379410e-01 -1.425577491402e-01 -4.620021274497e-05 -8.650713591108e-05
3.622973156764e-01 4.820261828426e-01 1.542072908259e-01 -1.257615188892e-05 -9.355393273849e-05
6.829524319697e-01 4.820033461929e-01 5.771005154990e-02 1.445340882876e-05 -1.021016576100e-04
4.777174187762e-01 4.819233623083e-01 -9.649171895198e-02 5.938825117259e-06 -1.129791201637e-04
4.899689940658e-01 4.818583600255e-01 -5.407996428894e-02 1.686625581986e-06 -1.195474722223e-04
3.695574901983e-01 4.818952447264e-01 2.822799664986e-02 1.169689965562e-05 -1.148662280680e-04
5.464249873655e-01 4.819062048518e-01 6.779350735027e-02 3.153544586280e-06 -1.101389396664e-04
5.051445048988e-01 4.818746576975e-01 -7.604334893410e-02 6.997679213279e-06 -1.075502422093e-04
3.943382894973e-01 4.818656311932e-01 4.090310905261e-02 1.263468441476e-05 -1.028100723675e-04
5.869507230041e-01 4.818930905222e-01 2.718617788150e-02 4.647264592633e-05 -9.613363612649e-05
4.487106452603e-01 4.818702850301e-01 -5.803999345862e-02 4.975763687435e-05 -9.580551376655e-05
4.708707360868e-01 4.819821180780e-01 -7.575075257313e-03 6.438609683178e-05 -8.714984053759e-05
4.335604947456e-01 4.819717814039e-01 6.955025115886e-02 8.348428575309e-05 -9.248919717028e-05
6.099712384045e-01 4.820018899949e-01 -5.929763379802e-02 9.806532509896e-05 -9.861538227701e-05
3.149652271496e-01 4.821616611749e-01 -8.407306974625e-02 1.460071611181e-04 -9.839078882329e-05
4.418250989120e-01 4.822925611568e-01 1.248842767463e-01 1.452398082115e-04 -1.046522129164e-04
5.647337806423e-01 4.823800486620e-01 -5.428777175810e-02 1.677304379883e-04 -1.177471807909e-04
3.332495553958e-01 4.824884588833e-01 -2.525388009111e-02 1.426770183550e-04 -1.310553216170e-04
5.142260204601e-01 4.826342242714e-01 1.078579513570e-01 1.020891530199e-04 -1.412920923230e-04
5.489654581098e-01 4.827698634096e-01 7.046143957785e-02 7.530580747932e-05 -1.509331660037e-04
6.551488996158e-01 4.828982315699e-01 -8.696998607218e-02 9.568250480287e-06 -1.579206428042e-04
3.750254859654e-01 4.829153647288e-01 -8.663586583637e-02 -8.307019749973e-05 -1.686644230529e-04
4.818771679430e-01 4.827121424725e-01 4.139608736885e-02 -1.331399355524e-04 -1.907377729190e-04
4.578176607031e-01 4.825064168738e-01 -3.536716217223e-02 -2.263066035226e-04 -2.042808618899e-04
4.111428435986e-01 4.822766343092e-01 5.095604593202e-02 -2.878619232637e-04 -2.095926060154e-04
5.597297525672e-01 4.820871718466e-01 4.789129643097e-02 -3.566894056555e-04 -2.006548102345e-04
5.069254364605e-01 4.816541460647e-01 -6.004627742057e-02 -4.709485081388e-04 -2.002608621860e-04
4.396371977260e-01 4.811466611085e-01 4.102802461146e-02 -5.499050042769e-04 -1.942017801088e-04
5.889814856834e-01 4.806303154006e-01 7.708830881385e-02 -6.077823503483e-04 -1.780201997671e-04
5.938138153537e-01 4.799459287167e-01 -9.979933659433e-02 -6.718392520120e-04 -1.661336381074e-04
3.893828124948e-01 4.792419962756e-01 -3.813928004785e-03 -6.861046480038e-04 -1.479989624151e-04
5.861859593442e-01 4.785946185683e-01 5.867130626435e-02 -7.159236549561e-04 -1.194866943895e-04
5.067254250235e-01 4.779478733037e-01 -1.393943486338e-01 -7.139143578618e-04 -8.778104721240e-05
3.073972620765e-01 4.770931252800e-01 -5.737403535671e-02 -6.832627373795e-04 -7.347365529711e-05
3.919773543101e-01 4.764644183237e-01 1.407747629987e-01 -6.226488440347e-04 -4.356165462519e-05
5.889467880739e-01 4.758612816396e-01 3.056787684621e-02 -5.447589876689e-04 -1.801247634131e-05
4.531131080025e-01 4.754439105305e-01 -7.565550554900e-02 -4.377228913232e-04 1.327065455230e-05
4.376357769759e-01 4.751385466803e-01 -1.337579249415e-04 -2.685207424401e-04 4.050484641027e-05
4.528455921526e-01 4.749702344167e-01 6.724568553288e-02 -9.471713613701e-05 6.260388820104e-05
5.721271480417e-01 4.749289816357e-01 -5.974718298256e-02 6.013180964506e-05 7.671486499561e-05
3.333512261875e-01 4.750388284189e-01 -2.164247686903e-02 2.613261259763e-04 8.289812113918e-05
5.288421943036e-01 4.753923163325e-01 1.163515700237e-02 4.506128215959e-04 8.739568945541e-05
3.566215401922e-01 4.759424544539e-01 -6.810542654902e-02 6.473937390461e-04 8.572048694734e-05
3.926313412056e-01 4.766663769507e-01 1.615478965771e-01 8.255348998522e-04 7.606271715736e-05
6.797173333464e-01 4.775558966496e-01 9.901779724768e-03 1.023708363498e-03 5.837665500504e-05
4.124349006551e-01 4.787086914754e-01 -9.837219674682e-02 1.165266238100e-03 4.244165609971e-05
4.829729398527e-01 4.799326704782e-01 -2.439833694886e-02 1.294470837172e-03 1.474061321216e-05
3.636382267574e-01 4.813212796685e-01 -2.141989425362e-02 1.432866980658e-03 -1.448303997538e-05
4.401331513455e-01 4.829100929147e-01 1.052911750200e-01 1.517805706621e-03 -3.898265364344e-05
5.742205767973e-01 4.844523928718e-01 2.670118937917e-02 1.577584374966e-03 -7.542889500115e-05
4.935355301039e-01 4.860136201872e-01 -1.004336378636e-01 1.600732785044e-03 -1.142923419257e-04
3.733533010700e-01 4.876165122651e-01 -3.087464853091e-02 1.617839506138e-03 -1.496408734641e-04
4.317862330420e-01 4.892160108138e-01 2.045830572360e-02 1.544486860189e-03 -1.807574592141e-04
4.142699125172e-01 4.906981535975e-01 1.156058038354e-01 1.453466395593e-03 -2.127611728361e-04
6.629978407129e-01 4.921062431134e-01 1.749330461561e-01 1.337060426068e-03 -2.385648985341e-04
7.641360048294e-01 4.933709590660e-01 -1.580824310081e-01 1.183388073573e-03 -2.607047577341e-04
3.468329786968e-01 4.944957794469e-01 -1.243841886523e-01 1.046746352142e-03 -2.765925411326e-04
5.153676275248e-01 4.954763587470e-01 1.454889071353e-01 8.870693640912e-04 -2.850691627518e-04
6.378107929675e-01 4.962994443855e-01 -5.315125872929e-02 7.104978589463e-04 -2.861028813833e-04
4.090651100662e-01 4.969953562318e-01 -2.600927143368e-02 5.804359377419e-04 -2.774669417243e-04
5.857922501001e-01 4.974285664047e-01 5.633599659817e-02 4.227501475869e-04 -2.713877095286e-04
5.217371032626e-01 4.977973141472e-01 -1.869647588110e-02 2.598682266530e-04 -2.523653845881e-04
5.483992983379e-01 4.979751886880e-01 -1.230113459881e-01 1.456829033993e-04 -2.333369936758e-04
2.757144112864e-01 4.980028831386e-01 -2.016930196847e-04 2.295892319628e-05 -2.136988942279e-04
5.479959122985e-01 4.980324207339e-01 8.439290434961e-02 -8.497811306652e-05 -1.835378198114e-04
4.445002199856e-01 4.979705956483e-01 1.127018245133e-02 -1.456816007950e-04 -1.541907239285e-04
5.705362772012e-01 4.977595010256e-01 1.166983007574e-01 -1.689420330784e-04 -1.342677356359e-04
6.778968215004e-01 4.975976051616e-01 -1.279013860204e-02 -1.811832193313e-04 -1.104323219905e-04
5.449559999971e-01 4.974218167656e-01 -1.717155449833e-01 -1.780794756881e-04 -9.071387161888e-05
3.344657315337e-01 4.972994389186e-01 -4.518182146101e-02 -1.420058723231e-04 -7.212279982849e-05
4.545923570751e-01 4.971958213588e-01 5.435487937811e-02 -7.328993400980e-05 -5.988687437203e-05
4.431754902900e-01 4.972400749086e-01 9.447141820423e-03 -1.959489784598e-05 -4.460500223545e-05
4.734866407159e-01 4.973111201215e-01 -2.234461370660e-02 7.581468993129e-05 -3.735738049511e-05
3.984862628768e-01 4.974818435823e-01 2.018257762078e-02 1.430167155831e-04 -3.238850557406e-05
5.138517959575e-01 4.977083483368e-01 3.310748162463e-02 2.162252059991e-04 -3.284290074324e-05
4.647012261260e-01 4.978796397198e-01 -4.678649921415e-02 3.063020952805e-04 -4.741877623611e-05
4.202787975292e-01 4.983056456941e-01 7.958522554889e-02 3.793345359058e-04 -4.908701038897e-05
6.238716772238e-01 4.987056545313e-01 1.029049676436e-01 4.348471257114e-04 -5.963538243506e-05
6.260887328164e-01 4.992601125642e-01 -6.590473441715e-02 4.868046338471e-04 -6.244251158350e-05
4.920622083895e-01 4.997640303640e-01 -7.952000215669e-02 5.210214227961e-04 -7.307375497892e-05
4.670487285030e-01 5.003199928016e-01 6.926885252066e-02 5.784502108426e-04 -8.177352359323e-05
6.305999134308e-01 5.009436112378e-01 -2.532912152022e-02 6.167305422917e-04 -8.624427446212e-05
4.163904854626e-01 5.015879268549e-01 -9.998674131757e-02 6.230491616381e-04 -8.920784138849e-05
4.306264307957e-01 5.022558347524e-01 3.473945531693e-02 6.441008680529e-04 -8.990652149154e-05
4.858693960964e-01 5.029356848279e-01 -6.265390876748e-03 6.591961866167e-04 -8.938976540822e-05
4.180956490422e-01 5.035468746759e-01 4.800500872247e-02 6.998756142698e-04 -9.485119972434e-05
5.818794135414e-01 5.041191928461e-01 6.145018994230e-02 7.333235909213e-04 -1.044368566696e-04
5.409960289268e-01 5.049353859220e-01 -3.930211848836e-02 7.389890915602e-04 -9.487704943475e-05
5.032751765646e-01 5.056297997978e-01 9.122180662469e-02 7.477402929892e-04 -9.733528318781e-05
7.234396421762e-01 5.063856915189e-01 -4.391622457335e-02 7.938079411455e-04 -9.776893565723e-05
4.154427274180e-01 5.071710111914e-01 -1.288906606563e-01 7.887148315614e-04 -9.941516615223e-05
4.656583208636e-01 5.079942766570e-01 5.473820147534e-02 8.286048535651e-04 -1.019952976674e-04
5.249191303686e-01 5.087961379158e-01 -5.171886572247e-02 8.344593333115e-04 -1.107336521908e-04
3.622205894187e-01 5.096271577931e-01 -2.589935547907e-02 8.435991756229e-04 -1.208525304436e-04
4.731204194105e-01 5.104556052554e-01 8.839737517315e-02 7.849163173285e-04 -1.336591108419e-04
5.390153397650e-01 5.112519114306e-01 -1.057158217046e-02 7.749786643345e-04 -1.502520618035e-04
4.519772550696e-01 5.120785652679e-01 -2.303861484257e-02 7.417047613407e-04 -1.640537347498e-04
4.929381100798e-01 5.127763149543e-01 3.949430031339e-05 6.927343558312e-04 -1.860139399944e-04
4.520562436702e-01 5.133829878097e-01 3.148073123620e-02 6.339379318852e-04 -2.104614131909e-04
5.558995725522e-01 5.139500443654e-01 6.667166829578e-02 5.343831198976e-04 -2.301820710664e-04
5.853995802618e-01 5.144871589727e-01 9.570320707945e-03 3.976785131788e-04 -2.412617931142e-04
5.750402139681e-01 5.147648550337e-01 2.892995598797e-02 2.394813881207e-04 -2.601119182208e-04
6.432594922377e-01 5.149262348658e-01 -2.810995522959e-02 7.652618508358e-05 -2.725657332558e-04
5.188203035089e-01 5.149533005223e-01 -6.376137518407e-02 -8.071155105095e-05 -2.785504825344e-04
5.157367418695e-01 5.148844295312e-01 -3.936884123191e-02 -2.372398970715e-04 -2.739301109175e-04
4.400826210451e-01 5.145783544600e-01 5.747032386998e-02 -3.883108965387e-04 -2.702124791069e-04
6.306773896095e-01 5.140645898834e-01 1.098321257208e-02 -5.602594274143e-04 -2.650386405833e-04
4.620490461893e-01 5.134396804733e-01 -1.079931399245e-02 -7.165832651703e-04 -2.511447424357e-04
6.090787616246e-01 5.126528662322e-01 -1.211692564298e-02 -8.203359963630e-04 -2.348903131442e-04
4.378151949033e-01 5.117856186549e-01 -1.020102927086e-02 -9.003899351410e-04 -2.122290742782e-04
5.886767030829e-01 5.108298179596e-01 6.156994710610e-02 -9.884047447710e-04 -1.864665475984e-04
5.609550891155e-01 5.099029527037e-01 -7.589183700152e-02 -1.023778454697e-03 -1.510864732458e-04
4.368930290798e-01 5.088378946926e-01 -1.954857160337e-02 -1.026403713742e-03 -1.239417608834e-04
5.218579459088e-01 5.078693039045e-01 2.580144755866e-02 -1.018667045108e-03 -8.896627925366e-05
4.884959241972e-01 5.068902618907e-01 -1.983110983890e-02 -9.844841763348e-04 -5.847123841946e-05
4.821957262310e-01 5.059323342948e-01 -5.280853174917e-02 -9.185059448205e-04 -3.319163259681e-05
3.828788606988e-01 5.050962351952e-01 3.853190654556e-02 -8.293142754582e-04 -7.705236196456e-06
5.592595393221e-01 5.043509999661e-01 1.657134641743e-03 -6.870349694316e-04 1.258418014589e-05
3.861931299823e-01 5.037160516589e-01 1.967453358197e-02 -5.463680137562e-04 2.714439689167e-05
5.986086064860e-01 5.032737989233e-01 3.449612897018e-03 -3.870139978812e-04 4.146536730653e-05
3.930923557763e-01 5.029537808215e-01 1.250126832502e-02 -1.842899264282e-04 4.822737660229e-05
6.236111431361e-01 5.027911635944e-01 2.437955308998e-02 -5.162751107579e-05 5.019494284959e-05
4.418514619563e-01 5.028611198097e-01 -4.923804988841e-02 1.199157050250e-04 5.386346124623e-05
5.251350433593e-01 5.030476604622e-01 -6.582664488559e-02 2.883150647834e-04 4.940300204557e-05
3.101981721851e-01 5.034980027983e-01 3.110722511720e-02 4.474746786010e-04 4.966570278254e-05
5.873494935937e-01 5.041085750775e-01 1.553978231356e-01 6.277827177619e-04 4.647904583414e-05
6.209938184563e-01 5.048007932302e-01 -3.639561421094e-02 7.882780300714e-04 3.401186274569e-05
5.145582651718e-01 5.056552077570e-01 -4.868079770559e-02 9.203954451012e-04 2.038936012109e-05
5.236322230451e-01 5.066452179425e-01 -9.436560868010e-03 1.048896393537e-03 4.767551901735e-06
4.956851434358e-01 5.077925675629e-01 -2.397155694675e-03 1.163736339579e-03 -9.718814437748e-06
5.188379116557e-01 5.089208290385e-01 -7.633207688219e-02 1.246117592108e-03 -3.605275568365e-05
3.430209896714e-01 5.101756047512e-01 -3.476031673628e-02 1.324175294173e-03 -6.022612261970e-05
4.493172781832e-01 5.115346056620e-01 1.028894415144e-01 1.387020273684e-03 -8.227740616211e-05
5.487998727001e-01 5.128970962538e-01 9.348403866086e-02 1.426833889424e-03 -1.085130954060e-04
6.362853555049e-01 5.142682499022e-01 -8.262938903161e-03 1.410174140502e-03 -1.358429248918e-04
5.322739948938e-01 5.156680688697e-01 -1.370993287104e-01 1.382569512535e-03 -1.599219302493e-04
3.620866980841e-01 5.170807081682e-01 -3.672092428325e-02 1.331466590546e-03 -1.796666503347e-04
4.588321463273e-01 5.183035254376e-01 1.085566599856e-01 1.260277008513e-03 -2.094354884705e-04
5.792000180553e-01 5.195731321666e-01 7.706541208000e-02 1.166080831860e-03 -2.268946605458e-04
6.129629704873e-01 5.206182953075e-01 -5.572946656931e-02 1.048290480016e-03 -2.521424109708e-04
4.677410849167e-01 5.216184029130e-01 3.501938785369e-02 8.977706653425e-04 -2.677036429491e-04
6.830017461947e-01 5.223761846321e-01 3.188878695870e-02 7.376716377370e-04 -2.878664731175e-04
5.315186588341e-01 5.230044172785e-01 -5.859288428056e-02 5.655220983275e-04 -3.014827412268e-04
5.658159776336e-01 5.234884016135e-01 -1.749701291806e-02 3.671335008460e-04 -3.082097189928e-04
4.965246329980e-01 5.237293016353e-01 -4.565592438340e-02 1.680244775122e-04 -3.152224671702e-04
4.745041288668e-01 5.238083016593e-01 1.325948544355e-02 -3.089396271594e-05 -3.152937504394e-04
5.230436038851e-01 5.236366365569e-01 7.291186069121e-02 -2.448830280603e-04 -3.156099626405e-04
6.203278502492e-01 5.232570143986e-01 -1.340472761541e-02 -4.759186376873e-04 -3.125459241181e-04
4.962341486542e-01 5.227300434373e-01 -2.484724082159e-02 -6.434445739970e-04 -3.020768612919e-04
5.706333686060e-01 5.220535891545e-01 6.918716669473e-02 -8.291624829769e-04 -2.857607942556e-04
6.346084820437e-01 5.210968565615e-01 -1.360598316828e-01 -9.859035834469e-04 -2.758261108981e-04
2.985137052404e-01 5.200999909510e-01 -3.701814711504e-02 -1.139028552304e-03 -2.539417753635e-04
5.605721878136e-01 5.188852798767e-01 8.962125671351e-02 -1.246192177444e-03 -2.370052354558e-04
4.777562186674e-01 5.175563155228e-01 9.185212818326e-03 -1.376129589147e-03 -2.182726954283e-04
5.789426134503e-01 5.161428373919e-01 9.317772882562e-02 -1.460019415586e-03 -1.972009882077e-04
6.641116763187e-01 5.146510101408e-01 -4.210581655138e-02 -1.566844787203e-03 -1.752358056906e-04
4.947309803475e-01 5.130164671940e-01 -1.074569629605e-01 -1.611404793681e-03 -1.597990474685e-04
4.491977503977e-01 5.113423281705e-01 4.441176746246e-03 -1.634591308561e-03 -1.446271676323e-04
5.036133338400e-01 5.096528578159e-01 5.375886363718e-02 -1.663768731299e-03 -1.292519196767e-04
5.567154776721e-01 5.080307813102e-01 -7.747613103253e-02 -1.649845557537e-03 -1.084822783201e-04
3.486610717749e-01 5.063802670037e-01 -2.821118121530e-02 -1.636627073786e-03 -9.202515265122e-05
5.002931152415e-01 5.047022526024e-01 1.152460974671e-01 -1.617675504770e-03 -8.100131678396e-05
5.791532667092e-01 5.031218773105e-01 1.022196623499e-02 -1.601852524905e-03 -6.597594204300e-05
5.207370477115e-01 5.015876568475e-01 -9.537638895243e-02 -1.544375364144e-03 -5.250350224527e-05
3.884004888043e-01 4.999643363167e-01 -6.082946629564e-04 -1.500176770234e-03 -5.285372055626e-05
5.195204583855e-01 4.984089107889e-01 9.676213969409e-02 -1.433025737899e-03 -5.445066681058e-05
5.819247681925e-01 4.970426247263e-01 -4.367312518408e-02 -1.352209799782e-03 -4.781938681134e-05
4.321742080174e-01 4.958142244542e-01 1.229314489529e-02 -1.283090770206e-03 -3.754058440266e-05
6.065110579831e-01 4.945776248378e-01 4.191359737483e-03 -1.209996825688e-03 -3.594036342890e-05
4.405569274923e-01 4.933587711296e-01 -5.047476266394e-02 -1.128972215769e-03 -4.094639980879e-05
5.055615326552e-01 4.922136820015e-01 -6.906900513135e-03 -1.048223535158e-03 -4.768303969625e-05
4.267431264661e-01 4.911328468511e-01 -4.494584059489e-03 -1.007570886032e-03 -5.608128313858e-05
4.965723645362e-01 4.900895768339e-01 2.753786057036e-02 -9.332920198079e-04 -6.765705327917e-05
4.818188476068e-01 4.892042913258e-01 -2.318045505477e-02 -8.740045408734e-04 -7.176310361306e-05
4.502114544267e-01 4.883358287528e-01 1.704162578612e-02 -8.241078498690e-04 -7.910976553370e-05
5.159020991790e-01 4.875511397430e-01 -2.842336665854e-02 -7.840435290592e-04 -8.304514052855e-05
3.933647211096e-01 4.867827765614e-01 -9.143166709608e-02 -7.586094378171e-04 -8.806549533375e-05
3.330387649869e-01 4.860549588854e-01 1.270749580452e-01 -7.230130213026e-04 -9.124537459149e-05
6.475146371999e-01 4.852976401400e-01 1.070041403717e-01 -6.893555192242e-04 -9.772440569559e-05
5.470470457302e-01 4.845916991197e-01 -8.801061459083e-02 -6.795816984065e-04 -9.984491036580e-05
4.714934080183e-01 4.839457567335e-01 1.161629307648e-02 -6.410219269491e-04 -9.652750310654e-05
5.702796318832e-01 4.832543016530e-01 4.887478348733e-02 -6.104933599130e-04 -9.667032425702e-05
5.692429749929e-01 4.826254062614e-01 -8.555516046937e-02 -6.363187575817e-04 -9.078660505650e-05
3.991693109444e-01 4.819490479483e-01 -1.370645714953e-02 -6.117515510189e-04 -8.843299362826e-05
5.418300606939e-01 4.813664599269e-01 -1.369181909692e-02 -5.802840096254e-04 -7.906710412584e-05
3.717856727506e-01 4.807569416321e-01 -3.522708307967e-02 -5.376356253507e-04 -7.386125738273e-05
4.713758945345e-01 4.802274334745e-01 5.906858304877e-02 -4.620052418794e-04 -6.542605775818e-05
4.899228388481e-01 4.797821346177e-01 -2.966483768223e-02 -4.097007857011e-04 -5.474950529436e-05
4.120462191701e-01 4.794327073043e-01 6.476387153753e-02 -3.448282379823e-04 -4.208707744821e-05
6.194505819232e-01 4.791557636805e-01 3.405863211635e-02 -2.567444240866e-04 -3.105232612740e-05
4.801634834028e-01 4.789931675840e-01 -1.159313016917e-01 -1.413909412281e-04 -1.983475762354e-05
3.875879785399e-01 4.789955402694e-01 -2.831028111363e-02 -4.345698958809e-05 -5.340302879291e-06
4.235429211755e-01 4.790055346305e-01 8.344444629555e-02 6.883203862118e-05 -1.473228359674e-06
5.544768711310e-01 4.791365320546e-01 -7.017830068952e-02 2.017104288042e-04 4.379995964767e-07
2.831863197965e-01 4.794145209667e-01 -7.598222112953e-02 3.282166362815e-04 2.299191406267e-06
4.025124288719e-01 4.798474025965e-01 1.598687451548e-01 4.376788640971e-04 5.111844647620e-06
6.029238101062e-01 4.803339567795e-01 9.818356251327e-02 5.579190757755e-04 8.356719721372e-07
5.988795538985e-01 4.809020533406e-01 -5.880453449175e-02 6.748120502941e-04 -7.673683272414e-06
4.853147411227e-01 4.816490087493e-01 -7.525739030302e-02 7.727992383781e-04 -1.131654972744e-05
4.483647732924e-01 4.823600949665e-01 -1.114124473449e-02 8.618449545774e-04 -2.691011337185e-05
4.630322516537e-01 4.832115784878e-01 -6.079034620211e-02 9.194423654619e-04 -3.844105255172e-05
3.267840808882e-01 4.840934186409e-01 1.300953566098e-02 9.711323273382e-04 -5.382251242345e-05
4.890513229757e-01 4.850756955527e-01 1.260448450622e-01 1.007900943893e-03 -6.615521457220e-05
5.788737710127e-01 4.861047136017e-01 1.207773100246e-02 1.050344128897e-03 -7.906684010837e-05
5.132067849806e-01 4.871914674634e-01 -1.613314001344e-02 1.083139591958e-03 -9.092655372846e-05
5.466074909858e-01 4.882457029644e-01 -1.600838335766e-02 1.079643640428e-03 -1.081675629004e-04
4.811900182653e-01 4.892912740453e-01 4.941947636336e-03 1.071989500494e-03 -1.276751609294e-04
5.564913862584e-01 4.903728593588e-01 1.669932753139e-03 1.035548015092e-03 -1.445405658239e-04
4.845298837715e-01 4.913994921712e-01 -5.857537326285e-02 9.659735216725e-04 -1.647162917299e-04
4.393406397327e-01 4.923131262806e-01 6.228229688398e-02 9.274275608487e-04 -1.916873385853e-04
6.090944775395e-01 4.931977765610e-01 1.129424228958e-02 8.487328148118e-04 -2.166405424577e-04
4.619291243119e-01 4.940872687421e-01 -1.618587309358e-01 7.585317961319e-04 -2.342558075980e-04
2.853770156680e-01 4.948033010708e-01 -1.917083250947e-02 6.485434217658e-04 -2.568900790462e-04
4.235874592930e-01 4.953361281879e-01 1.148621130576e-01 4.980631670562e-04 -2.822697847596e-04
5.151012417832e-01 4.957512130048e-01 1.181673642431e-02 3.028118513180e-04 -3.014029952294e-04
4.472209321416e-01 4.959796449330e-01 3.642145550467e-02 1.233091850510e-04 -3.170748792225e-04
5.879441527925e-01 4.959666610700e-01 1.251376363609e-02 -1.194882036656e-04 -3.308757665877e-04
4.722484594138e-01 4.957154248889e-01 -3.140857420161e-02 -3.509704657138e-04 -3.398370926553e-04
5.251270043893e-01 4.952273471540e-01 4.822010988108e-02 -5.850118292837e-04 -3.422586083941e-04
5.686886791759e-01 4.945863025991e-01 6.494556320554e-02 -8.089109824400e-04 -3.303221568803e-04
6.550181308004e-01 4.936713894667e-01 1.613293698125e-02 -9.923445047501e-04 -3.146936422312e-04
6.009545531384e-01 4.925749673411e-01 -8.047753345168e-02 -1.185074313843e-03 -2.890901347712e-04
4.940630638970e-01 4.913379101974e-01 -1.630703752413e-02 -1.355323916721e-03 -2.524476641095e-04
5.683404780902e-01 4.900125969866e-01 3.065528681827e-02 -1.459734529033e-03 -2.045940345336e-04
5.553736375336e-01 4.885141385321e-01 -2.405140807199e-02 -1.514924339160e-03 -1.580503965823e-04
5.202376619462e-01 4.870371341364e-01 -3.317074659668e-02 -1.559545432469e-03 -1.022243884859e-04
4.890321443402e-01 4.854546506270e-01 -3.351258302977e-02 -1.551049708053e-03 -5.389472158972e-05
4.532124958866e-01 4.839194617056e-01 1.589261568590e-03 -1.450821951717e-03 -7.436568239734e-06
4.922106674774e-01 4.825664818922e-01 -6.464864986406e-02 -1.288243137609e-03 4.130211449562e-05
3.239151961585e-01 4.813622326003e-01 -7.854484565314e-02 -1.112610978720e-03 8.351224609704e-05
3.351209761711e-01 4.803825540973e-01 5.771571819289e-03 -8.971654175746e-04 1.203659701254e-04
3.354583397971e-01 4.796456731016e-01 3.494799293173e-02 -6.432917345606e-04 1.488820676228e-04
4.050169620346e-01 4.792038880995e-01 7.900618409390e-02 -3.843136826066e-04 1.703393136007e-04
4.934707079849e-01 4.789248417852e-01 6.339773331269e-02 -1.085263902491e-04 1.720475518939e-04
5.318124286600e-01 4.790085571593e-01 -5.919905554842e-02 2.079438638162e-04 1.699917010298e-04
3.750725968881e-01 4.793741567059e-01 -4.983211026782e-02 4.958623719699e-04 1.582907743953e-04
4.321482081243e-01 4.799389222567e-01 4.384955898408e-02 7.504748609509e-04 1.326476926319e-04
4.627717148562e-01 4.807458455106e-01 -1.776895006870e-02 9.632525456552e-04 1.002964626199e-04
3.966103079869e-01 4.818260500450e-01 4.596991205050e-02 1.178799505560e-03 6.777055933679e-05
5.547115389572e-01 4.831645037190e-01 6.797850233365e-02 1.364020596655e-03 3.794447596958e-05
5.325673126542e-01 4.846705952648e-01 6.927731428719e-02 1.509378993425e-03 7.838106704748e-06
6.932661675316e-01 4.862098981609e-01 3.279348393312e-02 1.629753814198e-03 -2.934517015925e-05
5.981542805205e-01 4.879577449707e-01 -1.179770219029e-01 1.716778420758e-03 -5.489229977959e-05
4.573121237258e-01 4.897634117211e-01 -8.234409011624e-02 1.739789086556e-03 -7.743869929222e-05
4.334661002880e-01 4.916088186322e-01 6.073771424593e-02 1.777299355138e-03 -9.561912052466e-05
5.787875522177e-01 4.934097010835e-01 -5.192450409843e-02 1.795366680202e-03 -1.146090991943e-04
3.296170920911e-01 4.951555310888e-01 -7.572159256405e-02 1.764181682163e-03 -1.333442214992e-04
4.273443670896e-01 4.968650588228e-01 5.349315538511e-02 1.745006191066e-03 -1.491183919043e-04
4.366034028614e-01 4.985489575875e-01 6.712968709222e-02 1.689288724264e-03 -1.604801669630e-04
5.616037412740e-01 5.001719255199e-01 7.436448520011e-02 1.633810431014e-03 -1.700752827515e-04
5.853323732616e-01 5.017662568763e-01 -4.804980322549e-02 1.587727817364e-03 -1.756244172567e-04
4.655041348231e-01 5.033242937386e-01 -5.131066847580e-02 1.557997401946e-03 -1.785234195914e-04
4.827110363100e-01 5.048573968535e-01 9.229080594936e-02 1.517555750600e-03 -1.784948688625e-04
6.500857467218e-01 5.063470076556e-01 2.635989017352e-02 1.455412838320e-03 -1.774099710946e-04
5.354308166570e-01 5.077143232216e-01 -9.819216488431e-02 1.390643821970e-03 -1.821409660994e-04
4.537014169532e-01 5.090785702267e-01 -9.688393763372e-02 1.337155212193e-03 -1.831576386774e-04
3.416629413896e-01 5.104281663087e-01 3.469554949778e-02 1.287088543820e-03 -1.817437313876e-04
5.230925159487e-01 5.117193996486e-01 1.556988772121e-01 1.229246366112e-03 -1.815291807913e-04
6.530606958138e-01 5.128982223911e-01 -1.928571556483e-02 1.147631084848e-03 -1.865226246647e-04
4.845210848191e-01 5.139570154460e-01 -6.518530027358e-02 1.057065140668e-03 -1.965644567602e-04
5.226900952666e-01 5.150038311603e-01 3.619717899524e-02 9.469753608559e-04 -2.016389710863e-04
5.569154428095e-01 5.158554565850e-01 -9.743388209806e-04 8.081896272213e-04 -2.156474591429e-04
5.207414176247e-01 5.166840485554e-01 -7.661500431708e-02 6.908051028360e-04 -2.230409969010e-04
4.036854341754e-01 5.174065606484e-01 7.352315253931e-02 5.841392549445e-04 -2.298776229833e-04
6.677877227033e-01 5.179586886587e-01 7.147387209858e-02 4.707752128454e-04 -2.403645045292e-04
5.466331783725e-01 5.183183412443e-01 -1.401400886316e-01 3.333026343851e-04 -2.548196614237e-04
3.875075454402e-01 5.185917801404e-01 -1.018868839920e-01 1.683189194940e-04 -2.626943576114e-04
3.428594103886e-01 5.187015011260e-01 9.298736631223e-02 8.860363341912e-06 -2.692351044151e-04
5.734822780646e-01 5.186312914809e-01 1.556588812835e-01 -1.551972034160e-04 -2.749969242127e-04
6.541771729556e-01 5.184100124848e-01 2.080776679033e-02 -3.323218314437e-04 -2.768095019560e-04
6.150978116453e-01 5.179985700053e-01 -6.638034868002e-02 -4.823464078476e-04 -2.777500553343e-04
5.214164755956e-01 5.173626864123e-01 1.861253759401e-02 -6.581167912615e-04 -2.806200130854e-04
6.523228868333e-01 5.165543593734e-01 -1.881150950795e-02 -8.022310536871e-04 -2.812933000856e-04
4.837934565797e-01 5.156091456904e-01 -2.224819303970e-03 -9.619798387019e-04 -2.773726832957e-04
6.478732482254e-01 5.144857172793e-01 3.269193061353e-02 -1.150993317083e-03 -2.725257053434e-04
5.491773178068e-01 5.133048982947e-01 -1.469783916998e-01 -1.301276291940e-03 -2.576282472400e-04
3.539164648257e-01 5.119484383263e-01 -4.155808272027e-02 -1.416862354049e-03 -2.443182364881e-04
4.660611523662e-01 5.105141179403e-01 1.423568568713e-02 -1.558497038387e-03 -2.256817778168e-04
3.823878362000e-01 5.089982158601e-01 -2.221105677268e-02 -1.646918411971e-03 -2.035489567188e-04
4.216390388209e-01 5.073405099434e-01 7.094568852817e-02 -1.729893992406e-03 -1.848237504653e-04
5.242792132563e-01 5.055669964626e-01 9.689302398583e-02 -1.781485914644e-03 -1.689628080194e-04
6.154250867925e-01 5.037145272519e-01 3.220122261394e-02 -1.822388188365e-03 -1.545126759181e-04
5.886816584842e-01 5.019028145871e-01 -5.645315800007e-02 -1.850003553531e-03 -1.329414550556e-04
5.025187707924e-01 5.001012983569e-01 -8.389231473884e-02 -1.844206481789e-03 -1.085878253705e-04
4.208970290065e-01 4.981921885289e-01 2.677313735325e-02 -1.817661180515e-03 -9.320742509971e-05
5.560650454989e-01 4.963330937613e-01 9.906493426622e-02 -1.793365364655e-03 -7.521735214237e-05
6.190268975390e-01 4.945193659657e-01 9.954211373285e-03 -1.763928734587e-03 -5.647846170005e-05
5.759734682455e-01 4.929125831164e-01 -9.608933496405e-02 -1.688364448161e-03 -2.560624823031e-05
4.268482276109e-01 4.912722280907e-01 -1.002111185184e-01 -1.583114746516e-03 -5.168184090829e-06
3.755512312087e-01 4.896820488650e-01 6.836688848916e-03 -1.451143424378e-03 9.522887464534e-06
4.405216053087e-01 4.882986105245e-01 -5.585632091721e-02 -1.318048250269e-03 2.953541611263e-05
2.638385893743e-01 4.870708102143e-01 5.058525557711e-02 -1.154407631661e-03 4.851850629556e-05
5.416921164629e-01 4.860289107208e-01 1.815789054742e-01 -9.619011028865e-04 6.664855681415e-05
6.269964003227e-01 4.851808934953e-01 7.156599013982e-03 -7.615234336351e-04 8.256156608184e-05
5.560053144909e-01 4.845212738040e-01 -1.048696081831e-01 -5.758073490492e-04 9.437843941655e-05
4.172571839565e-01 4.840553365128e-01 -6.159687316647e-02 -3.271450304407e-04 1.008602859311e-04
4.328115681579e-01 4.838319668879e-01 3.449450020719e-02 -9.989783368443e-05 1.048118762360e-04
4.862461843709e-01 4.838522850888e-01 1.823647013341e-02 1.020645570638e-04 1.062753092506e-04
4.692845084248e-01 4.840889442801e-01 -1.547809557092e-02 2.980432089655e-04 1.031743084465e-04
4.552899932291e-01 4.844435129896e-01 3.721228074960e-02 5.113206492165e-04 8.759471301796e-05
5.437090699240e-01 4.849764347765e-01 -4.793959564328e-02 7.150751747344e-04 6.549217015035e-05
3.594108019425e-01 4.857142560009e-01 -2.798501464340e-02 8.909693162395e-04 4.094103741403e-05
4.877390406372e-01 4.866457674790e-01 3.687968253372e-02 1.031012840181e-03 1.551651935680e-05
4.331701670099e-01 4.876611181367e-01 -1.026411816566e-01 1.157056621027e-03 -1.721624679688e-05
2.824566773241e-01 4.888409490464e-01 6.132298546076e-02 1.232150070844e-03 -4.732379421819e-05
5.558161379315e-01 4.900266371829e-01 1.530519655589e-01 1.292451490258e-03 -8.459304284016e-05
5.885606084419e-01 4.912861680821e-01 -4.094634902063e-02 1.305074340489e-03 -1.197498989644e-04
4.739234398902e-01 4.926045454470e-01 3.587500894522e-02 1.262358744074e-03 -1.499928882443e-04
6.603106263323e-01 4.938281583735e-01 2.372963470607e-02 1.200200940628e-03 -1.843953365850e-04
5.213827093023e-01 4.949998845065e-01 -7.103590762764e-02 1.095406660243e-03 -2.157887568107e-04
5.182388110771e-01 4.960383827290e-01 -3.284006264524e-02 9.635825948743e-04 -2.473932357636e-04
4.557025840119e-01 4.968959371884e-01 8.164736762583e-03 8.114707106764e-04 -2.799799334712e-04
5.345682846022e-01 4.975557534089e-01 7.607287745704e-02 6.375764824487e-04 -3.119488625535e-04
6.078483389259e-01 4.980351348267e-01 -4.327723737796e-02 4.310746519393e-04 -3.389574634430e-04
4.480138098463e-01 4.983234342144e-01 -1.046426631079e-01 1.909680220185e-04 -3.591836280627e-04
3.985630127102e-01 4.983889119982e-01 -4.119868560246e-02 -7.561436769295e-05 -3.729723879935e-04
3.656164386414e-01 4.981373050847e-01 1.317702649205e-01 -3.402970748995e-04 -3.865599642805e-04
6.621035425512e-01 4.975944726788e-01 7.491218543652e-02 -6.095674116247e-04 -3.966662341506e-04
5.154408095144e-01 4.967923831057e-01 -9.889696285946e-02 -8.904016328049e-04 -3.997180681217e-04
4.643096168323e-01 4.957576977524e-01 -1.174665290180e-02 -1.186611060539e-03 -3.929267079075e-04
4.919475037108e-01 4.944477808560e-01 4.234347274537e-02 -1.478870623182e-03 -3.799331918944e-04
5.489965623230e-01 4.928315791344e-01 5.582848765563e-02 -1.749285101234e-03 -3.642457964425e-04
6.036044790221e-01 4.910114827838e-01 5.610601004413e-03 -2.019477164603e-03 -3.386695574289e-04
5.602177643318e-01 4.888436048250e-01 -8.677902077242e-02 -2.234097424520e-03 -3.173661919824e-04
4.300464374773e-01 4.864446895970e-01 3.549410074085e-02 -2.416196512038e-03 -2.934632424295e-04
6.312059658135e-01 4.838997037326e-01 4.578635206015e-02 -2.579139771401e-03 -2.627993842353e-04
5.216191415975e-01 4.812531298806e-01 -9.641496569592e-02 -2.723763322244e-03 -2.249108376355e-04
4.383760344217e-01 4.784760592091e-01 -8.324310717584e-02 -2.828131635023e-03 -1.860399488934e-04
