0.899966 0.116291
0.80674 0.19472
0.800115 0.148497
0.894472 0.174431
0.840206 0.173995
0.868793 0.165864
0.811033 0.18044
0.837557 0.116857
0.831819 0.139231
0.788168 0.921319
0.319718 0.333354
0.752394 0.994372
0.845391 0.18983
0.856523 0.149861
0.842882 0.118228
0.808548 0.111741
0.340896 0.364813
0.864304 0.163713
0.862805 0.109958
0.860905 0.110781
0.384008 0.35024
0.770114 0.928891
0.354064 0.312812
0.841158 0.108232
0.807978 0.189162
0.795253 0.943185
0.391476 0.340039
0.859303 0.117067
0.827307 0.104534
0.810469 0.150618
0.737134 0.951103
0.866302 0.136599
0.709051 0.946011
0.851619 0.16776
0.860766 0.147854
0.35857 0.333873
0.361889 0.343654
0.831708 0.141925
0.87108 0.162461
0.897457 0.137043
0.878006 0.114081
0.866731 0.182974
0.820844 0.162196
0.815071 0.104617
0.849699 0.156737
0.834856 0.17238
0.393958 0.30423
0.810402 0.112164
0.801469 0.138106
0.827217 0.15998
0.853795 0.143263
0.842276 0.171684
0.853507 0.168578
0.362503 0.312293
0.337048 0.382007
0.381601 0.331575
0.734737 0.914223
0.856376 0.168519
0.748303 0.943634
0.89538 0.186816
0.385072 0.348444
0.818705 0.190048
0.732254 0.967964
0.850974 0.198366
0.827293 0.180474
0.89933 0.154155
0.803268 0.163895
0.844868 0.125872
0.749071 0.944566
0.397023 0.399672
0.379145 0.365154
0.318067 0.338998
0.877629 0.128381
0.849326 0.123641
0.823407 0.167771
0.880126 0.164926
0.352899 0.312083
0.832296 0.177788
0.831357 0.194334
0.897504 0.133455
0.763468 0.934284
0.854961 0.168276
0.849292 0.109993
0.869613 0.173558
0.801348 0.126318
0.894913 0.14234
0.813688 0.100025
0.882949 0.100375
0.7156 0.901182
0.848839 0.172997
0.849797 0.196577
0.834623 0.152989
0.830009 0.171303
0.845395 0.16828
0.89401 0.102366
0.806414 0.186953
0.808913 0.131955
0.809124 0.194111
0.880257 0.175335
0.839972 0.140848
0.776083 0.907614
0.807692 0.101978
0.801362 0.138462
0.829138 0.137398
0.827225 0.11179
0.874706 0.116489
0.806729 0.117269
0.89166 0.168095
0.386903 0.325476
0.821928 0.136924
0.864427 0.127784
0.860164 0.150035
0.376964 0.31513
0.858588 0.172067
0.897354 0.169678
0.842437 0.168082
0.894196 0.159821
0.870159 0.19136
0.855665 0.167097
0.845164 0.195304
0.7118 0.933506
0.893737 0.110966
0.850509 0.195682
0.898082 0.107074
0.835303 0.168072
0.841932 0.158701
0.859911 0.146265
0.844653 0.107289
0.852975 0.138776
0.787248 0.900223
0.834435 0.119132
0.314472 0.390359
0.866022 0.144453
0.824301 0.176086
0.826908 0.119098
0.845025 0.113269
0.811317 0.148692
0.892082 0.193395
0.347879 0.361244
0.836917 0.162466
0.384919 0.364521
0.387197 0.365293
0.804477 0.138181
0.846728 0.16697
0.842063 0.10195
0.739651 0.999118
0.844578 0.163776
0.847331 0.151524
0.81299 0.139674
0.884916 0.177149
0.84788 0.102473
0.307968 0.369845
0.804579 0.17367
0.899996 0.174979
0.833044 0.18237
0.850961 0.190251
0.336728 0.373908
0.818903 0.10368
0.870906 0.183735
0.814861 0.108184
0.789408 0.915248
0.822153 0.153161
0.875522 0.104078
0.376628 0.357519
0.878207 0.120464
0.801034 0.199693
0.803617 0.189206
0.880092 0.130658
0.321686 0.370642
0.7517 0.950898
0.314004 0.367273
0.875763 0.180728
0.832598 0.153752
0.87151 0.133585
0.860904 0.142586
0.877281 0.194561
0.842129 0.17105
0.819187 0.164834
0.329687 0.315548
0.885096 0.172157
0.895017 0.14303
0.38582 0.343933
0.830734 0.141008
0.806036 0.127851
0.894101 0.180436
0.895906 0.199972
0.893131 0.124855
0.304358 0.344473
0.857626 0.149648
0.313656 0.383176
0.370555 0.309315
0.885727 0.144595
0.887898 0.155404
0.868726 0.181555
0.839286 0.105514
0.335091 0.389919
0.39549 0.348265
0.343747 0.328116
0.89127 0.150732
0.843385 0.180071
0.853965 0.130922
0.331074 0.325197
0.862805 0.167099
0.848687 0.114827
0.873383 0.166528
0.881059 0.181053
0.346244 0.306879
0.885761 0.175805
0.345702 0.385209
0.870796 0.16849
0.800492 0.146158
0.891737 0.166495
0.829758 0.188782
0.844701 0.103017
0.869756 0.134548
0.849186 0.121754
0.853689 0.157139
0.8743 0.196234
0.82223 0.199655
0.866973 0.144841
0.821452 0.112339
0.83924 0.183338
0.889298 0.182561
0.827969 0.126714
0.856372 0.176686
0.856576 0.150396
0.87857 0.162241
0.82948 0.155498
0.817556 0.16563
0.889215 0.127605
0.378789 0.396618
0.860667 0.144355
0.851925 0.136835
0.800965 0.130027
0.862343 0.104747
0.834028 0.108125
0.379311 0.39931
0.816162 0.176486
0.887533 0.139611
0.876228 0.134897
0.804605 0.13675
0.867801 0.15878
0.833625 0.167347
0.812678 0.185395
0.878209 0.115959
0.811913 0.195017
0.361995 0.323102
0.881879 0.135963
0.89803 0.103198
0.877724 0.151681
0.833623 0.196398
0.894817 0.168182
0.881902 0.145583
0.813211 0.105915
0.828792 0.121735
0.814929 0.154997
0.811291 0.189298
0.833706 0.125648
0.89597 0.191064
0.794733 0.932783
0.807271 0.114252
0.364533 0.319233
0.810089 0.187142
0.820849 0.178866
0.761061 0.998648
0.884772 0.110986
0.816057 0.155574
0.859791 0.164382
0.817204 0.107886
0.761067 0.971697
0.866766 0.176764
0.801908 0.166801
0.885309 0.136685
0.839102 0.150284
0.810891 0.162254
0.312938 0.367636
0.825876 0.123284
0.898391 0.130657
0.834303 0.174861
0.88594 0.104529
0.825583 0.122698
0.832929 0.116465
0.358375 0.338426
0.315493 0.332973
0.83906 0.147668
0.884073 0.14555
0.834649 0.139618
0.885196 0.173607
0.370796 0.339792
0.879535 0.18262
0.891765 0.124559
0.85316 0.149334
0.347742 0.378014
0.327373 0.370112
0.892268 0.170055
0.870979 0.119274
0.304501 0.384298
0.889512 0.124208
0.747131 0.973508
0.713879 0.999031
0.89777 0.165717
0.312203 0.37596
0.816484 0.150902
0.866057 0.156792
0.807577 0.141502
0.897537 0.136588
0.837324 0.184421
0.895856 0.125889
0.83218 0.143734
0.819322 0.120308
0.841607 0.125554
0.841513 0.187048
0.80136 0.115711
0.783739 0.911628
0.867372 0.115829
0.831926 0.154533
0.884267 0.101714
0.840588 0.131802
0.872545 0.187172
0.866004 0.109233
0.809182 0.16371
0.844303 0.171281
0.853758 0.123048
0.89632 0.196616
0.807945 0.117529
0.810675 0.198465
0.843891 0.184447
0.393882 0.345994
0.849027 0.118412
0.814565 0.160643
0.878966 0.118619
0.319678 0.330739
0.381436 0.327039
0.883641 0.137051
0.88625 0.1408
0.884644 0.164795
0.800808 0.152881
0.808185 0.109432
0.89149 0.112168
0.815459 0.106703
0.853486 0.169245
0.81354 0.137424
0.810805 0.153874
0.364085 0.349051
0.812736 0.170973
0.884621 0.1393
0.881052 0.146378
0.838517 0.149331
0.804812 0.158308
0.337278 0.395934
0.870284 0.104272
0.834796 0.105229
0.843002 0.196036
0.850576 0.152863
0.860771 0.118616
0.84202 0.166612
0.399275 0.394875
0.742874 0.958051
0.880633 0.110687
0.857862 0.179605
0.855494 0.100935
0.768148 0.963642
0.324867 0.367771
0.858129 0.167168
0.821521 0.16616
0.852337 0.196212
0.899052 0.109934
0.344131 0.342601
0.893116 0.170833
0.830686 0.104484
0.867316 0.167837
0.774198 0.939849
0.893978 0.10289
0.89165 0.184693
0.856159 0.186791
0.854807 0.14528
0.80968 0.135203
0.806354 0.123605
0.317552 0.365206
0.86256 0.161993
0.381535 0.345279
0.889903 0.112084
0.822495 0.126029
0.87125 0.166784
0.317413 0.349133
0.888958 0.170403
0.851666 0.157834
0.85179 0.173041
0.853371 0.146371
0.849858 0.125447
0.875129 0.122898
0.828562 0.187424
0.763606 0.952371
0.382237 0.35794
0.804045 0.120777
0.841869 0.18514
0.836767 0.155826
0.856599 0.199897
0.731756 0.911674
0.344477 0.362271
0.810883 0.188983
0.874842 0.142992
0.83821 0.145268
0.851997 0.156659
0.894652 0.190805
0.861117 0.137703
0.858894 0.119809
0.850262 0.141373
0.877066 0.175558
0.861403 0.136429
0.876572 0.175158
0.3317 0.352857
0.850177 0.127094
0.874109 0.123517
0.887492 0.12588
0.748737 0.901241
0.880944 0.162101
0.881262 0.114011
0.883449 0.170884
0.360217 0.302075
0.871743 0.103008
0.835599 0.108162
0.870554 0.187258
0.884404 0.188352
0.883416 0.145872
0.887299 0.15479
0.336392 0.359118
0.843312 0.177613
0.808424 0.104085
0.821814 0.128227
0.874873 0.150716
0.85946 0.149466
0.829091 0.142148
0.325514 0.30912
0.821196 0.113537
0.895925 0.181168
0.812376 0.1962
0.365183 0.310292
0.809944 0.133368
0.881536 0.152292
0.850015 0.198156
0.873673 0.119881
0.829372 0.157097
0.779381 0.968643
0.806218 0.117974
0.821675 0.116286
0.874341 0.108365
0.852975 0.123086
0.845412 0.186429
0.891256 0.182139
0.832477 0.163637
0.735961 0.94692
0.810206 0.166881
0.863904 0.157486
0.838621 0.180923
0.898295 0.132386
0.848832 0.175956
0.872826 0.106993
0.841561 0.10093
0.872002 0.168904
0.895266 0.151644
0.816433 0.148234
0.825895 0.199631
0.848153 0.1785
0.89617 0.148785
0.361702 0.397933
0.378571 0.363026
0.752522 0.921308
0.309489 0.336667
0.814213 0.172179
0.817779 0.102103
0.385597 0.358676
0.865369 0.186364
0.389047 0.305243
0.822809 0.124166
0.831419 0.187222
0.829114 0.107158
0.810828 0.149282
0.866424 0.169478
0.897773 0.131975
0.874546 0.105347
0.867 0.130347
0.360503 0.393453
0.867093 0.110005
0.863639 0.121075
0.895203 0.174919
0.866151 0.151007
0.35674 0.365002
0.353537 0.372692
0.83924 0.174931
0.881965 0.10347
0.36053 0.365526
0.894737 0.148706
0.881786 0.108479
0.86341 0.185092
0.876455 0.171627
0.823069 0.163659
0.838099 0.137204
0.815945 0.159805
0.363366 0.327635
0.830124 0.16268
0.717562 0.929106
0.819273 0.189725
0.889623 0.188949
0.829135 0.144268
0.836247 0.137433
0.822904 0.19765
0.81784 0.11125
0.801468 0.169538
0.89537 0.191735
0.336984 0.365184
0.889404 0.106429
0.89432 0.146251
0.829836 0.125841
0.825965 0.129243
0.866793 0.107128
0.728253 0.943304
0.807663 0.154252
0.854678 0.197385
0.742775 0.942044
0.891946 0.172129
0.811272 0.173145
0.897055 0.102304
0.803476 0.176486
0.82882 0.179162
0.79981 0.933256
0.820002 0.169783
0.325439 0.34104
0.89168 0.144097
0.837094 0.110958
0.73852 0.948742
0.80801 0.161061
0.892927 0.126314
0.89878 0.12125
0.886638 0.121405
0.805034 0.145919
0.87593 0.108601
0.880843 0.178815
0.877678 0.120557
0.369679 0.385181
0.391426 0.368508
0.854451 0.149913
0.817572 0.192036
0.76975 0.962605
0.815622 0.181443
0.839968 0.197315
0.857016 0.196723
0.373833 0.344159
0.316118 0.32969
0.811795 0.167347
0.830065 0.19898
0.833357 0.111303
0.314904 0.368326
0.819208 0.149162
0.866229 0.107569
0.874317 0.1308
0.302638 0.311626
0.860183 0.117928
0.359574 0.335186
0.866013 0.151279
0.863533 0.182445
0.300713 0.380895
0.814188 0.159962
0.827448 0.144729
0.804141 0.141768
0.805786 0.142367
0.887465 0.162925
0.843153 0.190503
0.870828 0.121444
0.840672 0.168627
0.301934 0.318779
0.856546 0.174779
0.839502 0.172994
0.847336 0.146206
0.88028 0.106257
0.866252 0.155547
0.37095 0.344299
0.871458 0.199763
0.803762 0.12719
0.826329 0.175
0.893337 0.192424
0.817331 0.144659
0.832914 0.160164
0.815635 0.122196
0.885821 0.185214
0.316989 0.31792
0.870953 0.177478
0.832255 0.111237
0.844802 0.133626
0.837412 0.10615
0.759292 0.918901
0.815619 0.121267
0.378633 0.314083
0.839548 0.157009
0.828274 0.107626
0.83284 0.187813
0.890613 0.116485
0.810089 0.153584
0.814939 0.179072
0.800258 0.177972
0.895225 0.169157
0.73314 0.931236
0.848721 0.133783
0.81551 0.11701
0.868687 0.176634
0.896957 0.113196
0.389054 0.38854
0.812717 0.132332
0.87371 0.177684
0.33352 0.382369
0.846023 0.101822
0.344 0.356494
0.304544 0.366331
0.832386 0.189727
0.704722 0.910009
0.310869 0.342362
0.871299 0.116465
0.837278 0.10274
0.338403 0.365092
0.783904 0.940099
0.399713 0.306701
0.889798 0.120483
0.824056 0.108129
0.844994 0.107482
0.848904 0.112933
0.826871 0.152845
0.89664 0.12968
0.85261 0.11861
0.89598 0.12436
0.876881 0.109845
0.899763 0.139582
0.856317 0.154608
0.39 0.379794
0.329216 0.382024
0.818369 0.159607
0.867544 0.151943
0.816073 0.15709
0.808482 0.193333
0.361735 0.349184
0.811246 0.196906
0.377963 0.354646
0.876862 0.139507
0.801098 0.176761
0.839471 0.117372
0.370493 0.351441
0.831857 0.157395
0.892061 0.174507
0.879924 0.184602
0.814486 0.116701
0.880326 0.198282
0.329637 0.377028
0.800409 0.173463
0.858756 0.146521
0.770298 0.909789
0.89663 0.16985
0.822317 0.151358
0.863366 0.159056
0.837438 0.109562
0.375746 0.371853
0.863035 0.13597
0.341681 0.344239
0.837191 0.102117
0.857518 0.130338
0.877843 0.198342
0.831355 0.149361
0.833199 0.194458
0.861883 0.18576
0.383883 0.394117
0.80223 0.194725
0.836584 0.109057
0.830883 0.11098
0.34931 0.343051
0.87322 0.119193
0.801568 0.179643
0.83499 0.189089
0.883306 0.162157
0.855331 0.136167
0.827353 0.15642
0.835304 0.196587
0.81356 0.178226
0.855351 0.126984
0.336538 0.32047
0.871382 0.106942
0.807136 0.126974
0.719391 0.978292
0.896613 0.177678
0.392088 0.384363
0.859672 0.100289
0.814092 0.181898
0.313111 0.317176
0.833546 0.171589
0.886529 0.191697
0.858925 0.121079
0.818901 0.161709
0.384935 0.369578
0.364446 0.35636
0.805596 0.123281
0.821475 0.167794
0.842239 0.167674
0.845516 0.162248
0.325251 0.341913
0.872824 0.158441
0.885137 0.111048
0.720571 0.994662
0.889353 0.109002
0.805082 0.101511
0.893938 0.185086
0.811223 0.12091
0.897962 0.121979
0.842313 0.106499
0.888678 0.140187
0.829431 0.162015
0.800891 0.139997
0.841009 0.11087
0.85185 0.102892
0.810698 0.199516
0.730386 0.903186
0.817545 0.106374
0.841119 0.10445
0.892531 0.166033
0.855301 0.155058
0.848869 0.160545
0.837631 0.114136
0.811895 0.182398
0.348722 0.383998
0.887236 0.158492
0.815834 0.160024
0.894654 0.124858
0.83974 0.110182
0.891484 0.160042
0.879151 0.186509
0.357824 0.385019
0.815063 0.11887
0.759898 0.948135
0.821577 0.195292
0.715555 0.920154
0.863761 0.161641
0.304333 0.334237
0.881743 0.164423
0.306421 0.340543
0.865609 0.145499
0.821731 0.149971
0.885233 0.163874
0.813339 0.114897
0.874204 0.122921
0.889057 0.154288
0.871624 0.14409
0.869097 0.136601
0.807429 0.191712
0.345041 0.321563
0.83931 0.163284
0.842468 0.106195
0.396883 0.305262
0.894628 0.128521
0.886603 0.167256
0.831638 0.157452
0.840055 0.196995
0.896967 0.135328
0.844651 0.109273
0.804906 0.123718
0.829203 0.108781
0.859297 0.133713
0.8879 0.124796
0.805 0.115723
0.87793 0.136908
0.822777 0.18758
0.852614 0.123744
0.885222 0.123751
0.817925 0.116679
0.309115 0.378005
0.857027 0.112186
0.350599 0.311118
0.854424 0.185159
0.863059 0.187469
0.339618 0.392343
0.396734 0.305498
0.849875 0.159409
0.734899 0.92365
0.87443 0.198857
0.82217 0.12192
0.841567 0.140441
0.833852 0.135251
0.72093 0.930449
0.80088 0.163544
0.8089 0.102041
0.879216 0.126808
0.801086 0.174111
0.896652 0.129354
0.883714 0.189499
0.372874 0.342523
0.862953 0.173727
0.357003 0.392382
0.899427 0.132473
0.84053 0.107673
0.876139 0.15687
0.313842 0.393008
0.872346 0.171484
0.779851 0.9059
0.819865 0.166208
0.810167 0.104493
0.316024 0.358873
0.862212 0.194171
0.804558 0.151345
0.875668 0.151805
0.874691 0.150023
0.316198 0.321145
0.839726 0.129373
0.847198 0.139909
0.846986 0.184295
0.781493 0.959652
0.304141 0.391514
0.855865 0.176878
0.882039 0.152038
0.842595 0.125085
0.863633 0.123826
0.818991 0.169564
0.827721 0.181941
0.323965 0.341294
0.848177 0.155645
0.839904 0.128129
0.893658 0.14229
0.84368 0.141728
0.815819 0.19684
0.875087 0.19956
0.885086 0.142388
0.882871 0.116048
0.783763 0.974167
0.89856 0.167246
0.710974 0.977611
0.846421 0.192404
0.871532 0.151592
0.73495 0.926971
0.728067 0.993653
0.883032 0.177956
0.898197 0.151945
0.868946 0.167706
0.832313 0.199476
0.814887 0.138395
0.345664 0.300573
0.881858 0.111975
0.890711 0.183273
0.862358 0.160852
0.87707 0.168116
0.801645 0.169858
0.804203 0.143015
0.845769 0.170608
0.392847 0.346741
0.85175 0.119732
0.875177 0.117237
0.879914 0.112512
0.829533 0.143015
0.837703 0.142995
0.898297 0.192427
0.832538 0.170702
0.38302 0.344929
0.805033 0.170622
0.859109 0.115442
0.854626 0.116947
0.891335 0.17453
0.3722 0.3248
0.384064 0.358592
0.311068 0.316408
0.849568 0.172909
0.851721 0.12168
0.818386 0.100143
0.818008 0.126522
0.834449 0.171644
0.882466 0.142316
0.853358 0.102178
0.853925 0.136591
0.808353 0.155302
0.876852 0.15125
0.8433 0.113038
0.806072 0.179906
0.827626 0.103574
0.804642 0.146007
0.844456 0.105955
0.3178 0.327756
0.81962 0.183569
0.845153 0.135188
0.867568 0.193784
0.344677 0.31555
0.868502 0.139399
0.869761 0.182259
0.840942 0.12611
0.823803 0.198989
0.866021 0.189405
0.830472 0.176892
0.852984 0.122694
0.726376 0.945389
0.389562 0.387719
0.751666 0.93967
0.860234 0.138943
0.867301 0.160167
0.365457 0.379815
0.820076 0.106114
0.853005 0.187446
0.806597 0.166647
0.859759 0.127026
0.8194 0.154785
0.7781 0.903768
0.896834 0.162089
0.826042 0.135529
0.855017 0.140164
0.858975 0.160018
0.877841 0.120589
0.804365 0.140328
0.857401 0.100001
0.381695 0.394184
0.880224 0.128239
0.86796 0.164248
0.82237 0.138774
0.362795 0.369231
0.826243 0.121746
0.852736 0.117037
0.823795 0.16244
0.309912 0.37166
0.815552 0.11289
0.891685 0.137729
0.840182 0.119087
0.873933 0.121337
0.88245 0.10173
0.838509 0.19346
0.872295 0.148754
0.831451 0.116719
0.85136 0.107784
0.803645 0.131614
0.877537 0.103931
0.833487 0.175673
0.837578 0.152661
0.846693 0.126021
0.881463 0.100271
0.88044 0.154582
0.834019 0.181083
0.323731 0.370423
0.807529 0.136034
0.851471 0.155154
0.86134 0.152341
0.892364 0.192783
0.879169 0.168451
0.829042 0.142818
0.887935 0.192168
0.878671 0.177224
0.773011 0.936844
0.824737 0.193255
0.841652 0.171013
0.853776 0.19503
0.840213 0.147429
0.778386 0.940366
0.896618 0.180843
0.814105 0.145469
0.874934 0.143933
0.813603 0.117846
0.876049 0.153262
0.884423 0.126604
0.870341 0.199748
0.85078 0.145573
0.898638 0.129449
0.385363 0.39931
0.891271 0.17511
0.854424 0.176049
0.843832 0.182309
0.898589 0.13482
0.892447 0.144832
0.390647 0.310097
0.37252 0.327555
0.814935 0.170354
0.812245 0.113686
0.870132 0.134055
0.310231 0.383543
0.885627 0.144317
0.861609 0.139202
0.868226 0.172905
0.301905 0.314431
0.726291 0.961717
0.896298 0.153264
0.839346 0.162739
0.862207 0.117241
0.884096 0.134364
0.888349 0.164626
0.832364 0.119022
0.889722 0.194606
0.363968 0.305376
0.819101 0.199337
0.72635 0.914251
0.870371 0.157249
0.802227 0.14205
0.338385 0.327053
0.885202 0.105487
0.723888 0.934808
0.876837 0.170572
0.808673 0.161296
0.858623 0.187924
0.823542 0.176925
0.373642 0.39793
0.821952 0.198513
0.713005 0.998107
0.872504 0.153095
0.777351 0.918793
0.815999 0.163651
