0 0.267837 0.267837 7.086028 -6.488589 0
1 1.251089 1.251089 7.185481 -6.618925 0
2 3.474477 3.474477 7.982536 -7.446861 0
3 -2.385455 -2.385455 7.333649 -6.767092 0
4 -2.303703 -2.303703 6.860939 -6.263500 0
5 -2.365765 -2.365765 6.384663 -5.661314 0
6 0.298719 0.298719 6.383899 -5.534638 0
7 0.667774 0.667774 6.993067 -6.120060 0
8 0.467148 0.467148 6.445286 -5.548534 0
9 -0.579585 -0.579585 6.878966 -5.963442 0
10 0.991323 0.991323 6.238783 -5.304488 0
11 3.461237 3.461237 6.799291 -5.883767 0
12 -0.522795 -0.522795 7.309829 -6.375534 0
13 -2.115389 -2.115389 8.549063 -7.313561 0
14 -0.777013 -0.777013 8.904994 -7.669491 0
15 0.448376 0.448376 8.597245 -7.662949 0
16 0.424630 0.424630 8.670336 -7.434833 0
17 0.617751 0.617751 7.592533 -6.357030 0
18 1.257794 1.257794 6.394977 -5.159474 0
19 4.604154 4.604154 6.394977 -5.159474 0
20 0.964867 0.964867 6.753645 -5.819350 0
21 3.681283 3.681283 7.152683 -5.917180 0
22 0.856508 0.856508 7.555626 -5.842609 0
23 -0.651680 -0.651680 7.881223 -6.168206 0
24 2.657093 2.657093 8.045661 -6.332644 0
25 3.741497 3.741497 8.765068 -7.052052 0
26 3.056376 3.056376 8.052739 -6.123005 0
27 -1.341791 -1.341791 8.312972 -5.797383 0
28 4.115772 4.115772 9.095099 -6.356424 0
29 0.399023 0.399023 9.748974 -6.358940 0
30 0.411121 0.411121 10.187616 -5.920299 0
31 -0.133195 -0.133195 10.346130 -5.697171 0
32 0.191088 0.191088 9.860073 -5.592756 0
33 3.836998 3.836998 9.858131 -5.590814 0
34 1.369338 1.369338 9.817099 -5.549782 0
35 2.997870 2.997870 9.559169 -4.910210 0
36 1.695017 1.695017 9.451341 -4.755629 0
37 -2.352311 -2.352311 9.581057 -4.932098 0
38 3.444902 3.444902 10.346130 -5.697171 0
39 2.347856 2.347856 10.516084 -5.867125 0
40 2.514601 2.514601 9.783262 -5.134303 0
41 4.604232 4.604232 10.129567 -5.862250 0
42 2.133659 2.133659 10.586098 -5.937139 0
43 2.324479 2.324479 10.272998 -5.577286 0
44 1.647775 1.647775 10.439743 -5.410542 0
45 1.808555 1.808555 10.052014 -4.461141 0
46 3.686416 3.686416 10.478877 -4.888004 0
47 2.795436 2.795436 10.478877 -4.888004 0
48 4.343368 4.343368 11.057055 -5.466182 0
49 0.861866 0.861866 11.479494 -5.888621 0
50 5.723666 5.723666 10.478877 -4.888004 0
51 3.591039 3.591039 9.990002 -4.850017 0
52 1.602405 1.602405 10.254219 -4.663346 0
53 -15.384532 2.795436 10.254219 -4.663346 1
54 6.320591 6.320591 10.146072 -5.006087 0
55 3.380744 3.380744 11.169962 -5.579090 0
56 7.048299 7.048299 11.830315 -5.851912 0
57 4.049829 4.049829 12.360317 -5.598829 0
58 4.899066 4.899066 12.784621 -5.602543 0
59 1.287136 1.287136 12.811733 -5.629656 0
60 4.591408 4.591408 13.017568 -4.917911 0
61 1.031623 1.031623 13.017568 -4.917911 0
62 2.569992 2.569992 13.029816 -4.065434 0
63 1.917971 1.917971 13.029127 -4.064746 0
64 2.989201 2.989201 13.516125 -4.419354 0
65 2.359780 2.359780 14.245773 -5.062958 0
66 0.689950 0.689950 13.559147 -4.376332 0
67 5.997274 5.997274 13.223050 -4.040235 0
68 6.455235 6.455235 12.363100 -3.180285 0
69 5.255499 5.255499 11.610613 -2.513841 0
70 4.482191 4.482191 11.765932 -2.669160 0
71 4.813373 4.813373 13.150880 -4.054109 0
72 5.513273 5.513273 12.257609 -3.074794 0
73 5.167341 5.167341 13.002466 -3.905695 0
74 5.410549 5.410549 12.400990 -2.880875 0
75 4.548386 4.548386 13.267454 -3.640707 0
76 8.895208 8.895208 12.227249 -2.600502 0
77 9.438126 9.438126 12.104269 -1.769588 0
78 2.145592 2.145592 11.624270 -1.113271 0
79 4.760058 4.760058 11.659073 -0.951921 0
80 4.052600 4.052600 11.281908 -0.770910 0
81 4.139740 4.139740 11.193750 -0.859068 0
82 2.830709 2.830709 11.907940 -1.573258 0
83 6.420421 6.420421 11.907940 -1.573258 0
84 5.397948 5.397948 12.947706 -2.240554 0
85 3.199579 3.199579 12.581216 -2.246535 0
86 5.887218 5.887218 13.146814 -2.439662 0
87 7.870819 7.870819 12.893940 -2.692536 0
88 4.524933 4.524933 13.506636 -2.799484 0
89 5.353576 5.353576 12.668741 -2.467337 0
90 6.173428 6.173428 12.022822 -1.821418 0
91 7.260273 7.260273 12.275696 -1.568544 0
92 4.791960 4.791960 12.275696 -1.568544 0
93 3.384643 3.384643 12.334876 -1.538981 0
94 8.200184 8.200184 13.455257 -1.680821 0
95 4.173493 4.173493 12.917990 -1.143554 0
96 6.818150 6.818150 13.191185 -2.395290 0
97 5.100702 5.100702 14.382786 -2.608350 0
98 6.161797 6.161797 14.234090 -2.021633 0
99 4.535586 4.535586 14.657365 -2.333771 0
100 6.855992 6.855992 14.336318 -2.123861 0
101 4.103610 4.103610 14.336318 -2.123861 0
102 6.988670 6.988670 14.508887 -2.185293 0
103 9.017243 9.017243 14.581556 -2.257962 0
104 4.789311 4.789311 14.696500 -2.372907 0
105 6.289369 6.289369 15.172261 -2.593523 0
106 9.205956 9.205956 15.011282 -1.828236 0
107 4.115150 4.115150 14.938613 -1.755567 0
108 1.445456 1.445456 14.938613 -1.755567 0
109 10.151837 10.151837 14.810936 -2.024470 0
110 6.106228 6.106228 14.623322 -1.836857 0
111 9.542699 9.542699 15.126226 -1.943181 0
112 5.123113 5.123113 15.390695 -1.678712 0
113 5.002891 5.002891 15.408626 -1.660781 0
114 6.591523 6.591523 14.927868 -1.180024 0
115 7.721164 7.721164 15.104012 -1.356167 0
116 8.598271 8.598271 15.153033 -1.969987 0
117 7.456962 7.456962 15.271304 -1.523460 0
118 7.396332 7.396332 15.571961 -0.888218 0
119 7.624535 7.624535 15.521721 -1.773876 0
120 6.393233 6.393233 14.986306 -1.121586 0
121 5.904074 5.904074 15.395817 -0.712075 0
122 6.055145 6.055145 14.371231 -0.506512 0
123 9.256512 9.256512 14.780743 -0.097000 0
124 8.922952 8.922952 14.886066 -0.202323 0
125 6.873922 6.873922 14.994365 -0.201702 0
126 6.434257 6.434257 14.488965 0.303699 0
127 7.341871 7.341871 14.488965 0.303699 0
128 3.856169 3.856169 14.994365 -0.201702 0
129 8.686101 8.686101 13.882945 0.800798 0
130 8.086779 8.086779 13.882945 0.800798 0
131 3.214626 3.214626 14.487172 -0.416884 0
132 6.932360 6.932360 14.645270 -0.574982 0
133 11.535909 11.535909 15.259491 -1.189203 0
134 5.891493 5.891493 15.884419 -1.814130 0
135 7.480259 7.480259 16.057033 -1.986744 0
136 10.034917 10.034917 15.954248 -2.089529 0
137 10.000651 10.000651 15.336973 -1.472254 0
138 6.070481 6.070481 15.645911 -1.781192 0
139 7.035144 7.035144 15.336973 -1.472254 0
140 9.467457 9.467457 16.026665 -2.161945 0
141 6.794247 6.794247 15.748696 -1.678407 0
142 7.409702 7.409702 15.748696 -1.678407 0
143 3.994103 3.994103 15.748696 -1.678407 0
144 8.013894 8.013894 15.786670 -0.967267 0
145 3.920389 3.920389 16.457912 -1.497394 0
146 4.998066 4.998066 15.555881 -0.595363 0
147 4.173885 4.173885 14.741335 0.219184 0
148 4.627759 4.627759 15.978082 -0.775855 0
149 7.794908 7.794908 16.578767 -1.376540 0
150 6.619745 6.619745 16.387355 -1.567951 0
151 6.927545 6.927545 16.475275 -1.273048 0
152 10.764202 10.764202 17.406799 -2.204572 0
153 7.601114 7.601114 16.765408 -1.563181 0
154 10.305464 10.305464 16.959203 -1.369387 0
155 10.221445 10.221445 18.335622 -2.353424 0
156 9.855058 9.855058 17.178189 -1.150401 0
157 9.390841 9.390841 17.395402 -0.933187 0
158 10.360689 10.360689 18.575631 -2.113415 0
159 6.953842 6.953842 17.395402 -0.933187 0
160 11.785483 11.785483 16.979465 -0.387203 0
161 8.296131 8.296131 16.971849 -0.379587 0
162 5.988366 5.988366 17.036257 -0.062937 0
163 7.991099 7.991099 16.786314 0.423359 0
164 4.752674 4.752674 16.991229 0.218444 0
165 8.231108 8.231108 16.384063 0.825610 0
166 9.297917 9.297917 16.336095 0.873578 0
167 10.891405 10.891405 16.139820 1.069853 0
168 8.486660 8.486660 17.067633 0.142040 0
169 9.383381 9.383381 16.687256 0.522417 0
170 -7.532052 8.604837 16.991229 0.218444 1
171 7.366873 7.366873 16.064121 1.094682 0
172 9.105867 9.105867 16.139820 1.069853 0
173 5.417777 5.417777 15.522268 1.636536 0
174 8.844145 8.844145 16.981751 0.227922 0
175 8.604837 8.604837 17.304231 0.384059 0
176 6.466790 6.466790 17.950170 0.261564 0
177 9.635887 9.635887 17.565953 0.645781 0
178 7.750050 7.750050 17.226795 0.984939 0
179 9.670796 9.670796 17.826946 0.384788 0
180 14.403675 14.403675 17.685871 0.525864 0
181 9.137232 9.137232 17.482781 0.728953 0
182 9.876881 9.876881 17.826946 0.384788 0
183 8.579402 8.579402 17.737244 0.474490 0
184 12.544866 12.544866 17.466014 0.808451 0
185 8.105213 8.105213 18.031133 0.740161 0
186 11.534277 11.534277 17.255353 1.515941 0
187 13.771462 13.771462 18.025133 0.746161 0
188 11.457721 11.457721 18.280417 0.490876 0
189 7.802379 7.802379 18.049049 1.222726 0
190 8.665812 8.665812 17.965650 0.805643 0
191 11.230922 11.230922 17.965650 0.805643 0
192 9.690726 9.690726 18.025133 0.746161 0
193 8.695821 8.695821 17.714428 1.056866 0
194 12.149094 12.149094 18.036785 1.344666 0
195 6.443993 6.443993 18.135953 1.245498 0
196 9.385647 9.385647 18.618854 0.890506 0
197 10.753240 10.753240 18.334684 1.174677 0
198 9.233922 9.233922 18.126380 1.382981 0
199 5.990353 5.990353 18.270729 1.110722 0
200 8.181117 8.181117 18.002493 1.378959 0
201 9.754680 9.754680 17.830875 0.940419 0
202 7.702949 7.702949 17.830875 0.940419 0
203 7.721974 7.721974 18.585496 0.795955 0
204 10.242737 10.242737 18.402308 0.612767 0
205 10.233953 10.233953 18.387530 0.383764 0
206 10.730621 10.730621 19.056600 -0.041525 0
207 11.983465 11.983465 18.509420 0.505654 0
208 12.947464 12.947464 18.126380 1.382981 0
209 10.908156 10.908156 18.403979 2.063928 0
210 8.480391 8.480391 18.257990 1.251371 0
211 7.584665 7.584665 18.257990 1.251371 0
212 11.421907 11.421907 17.976201 2.214923 0
213 6.013883 6.013883 18.121571 2.069553 0
214 7.866359 7.866359 18.138853 2.329054 0
215 12.380644 12.380644 18.549067 1.936406 0
216 9.507537 9.507537 18.290636 2.238618 0
217 9.298467 9.298467 18.298128 2.231126 0
218 11.150234 11.150234 19.266510 1.262744 0
219 11.535475 11.535475 19.093752 1.435502 0
220 12.109866 12.109866 19.991457 0.284595 0
221 11.474620 11.474620 19.294543 0.981508 0
222 7.006106 7.006106 19.111347 1.164704 0
223 9.301365 9.301365 19.093752 1.435502 0
224 10.095562 10.095562 18.570957 1.958296 0
225 6.726845 6.726845 18.570957 1.958296 0
226 12.198109 12.198109 17.970736 2.558518 0
227 13.752106 13.752106 18.004448 3.791782 0
228 10.264627 10.264627 17.455432 4.056278 0
229 10.138026 10.138026 17.428687 4.083024 0
230 4.617037 4.617037 17.230802 4.552516 0
231 11.016086 11.016086 17.254699 4.528619 0
232 8.124335 8.124335 17.229841 4.281869 0
233 10.898115 10.898115 16.913198 3.616056 0
234 11.037969 11.037969 17.595542 2.894294 0
235 12.177649 12.177649 17.740643 2.788610 0
236 10.041513 10.041513 18.009017 2.520237 0
237 11.648894 11.648894 18.423198 2.106056 0
238 9.464337 9.464337 17.617773 3.225817 0
239 11.999112 11.999112 17.381569 3.147684 0
240 10.755855 10.755855 16.624520 3.865316 0
241 9.993788 9.993788 16.681103 3.611934 0
242 10.891659 10.891659 17.147767 3.342068 0
243 11.823212 11.823212 16.663326 3.826509 0
244 10.244918 10.244918 17.049368 3.243669 0
245 8.537142 8.537142 16.485662 3.807376 0
246 6.892226 6.892226 15.831689 4.251338 0
247 13.948369 13.948369 16.279409 3.803617 0
248 5.476624 5.476624 16.421115 3.661911 0
249 9.586733 9.586733 17.050137 3.242900 0
250 10.421795 10.421795 16.385567 3.602008 0
251 9.382996 9.382996 17.586808 2.400767 0
252 10.146519 10.146519 17.634521 2.353054 0
253 9.597132 9.597132 17.966881 1.693841 0
254 11.353078 11.353078 18.479345 1.181376 0
255 9.227084 9.227084 18.603772 0.856501 0
256 7.471401 7.471401 17.786014 1.482783 0
257 9.830361 9.830361 18.533646 0.735152 0
258 9.730137 9.730137 19.120312 0.148485 0
259 12.416126 12.416126 17.718503 1.589380 0
260 12.730227 12.730227 16.289174 3.018710 0
261 11.924813 11.924813 16.121916 3.338357 0
262 9.509080 9.509080 16.681255 2.779018 0
263 5.530217 5.530217 16.472607 2.987666 0
264 12.634131 12.634131 17.794698 1.665575 0
265 8.123016 8.123016 18.588804 0.871470 0
266 10.560474 10.560474 18.609898 0.892563 0
267 7.067415 7.067415 18.150279 1.352182 0
268 9.634399 9.634399 17.419340 2.241382 0
269 13.057941 13.057941 17.248913 2.591152 0
270 7.012512 7.012512 18.224980 2.449054 0
271 9.653942 9.653942 19.195684 1.478350 0
272 9.751230 9.751230 19.435485 0.404580 0
273 11.921285 11.921285 19.237144 0.265317 0
274 8.190022 8.190022 19.827486 -0.325025 0
275 9.920032 9.920032 20.015243 -0.512782 0
276 8.070713 8.070713 20.015243 -0.512782 0
277 11.540664 11.540664 19.721905 -0.414021 0
278 10.338007 10.338007 19.721905 -0.414021 0
279 10.337017 10.337017 19.721905 -0.414021 0
280 10.352870 10.352870 19.700492 -0.392609 0
281 12.100791 12.100791 19.511397 -0.203514 0
282 11.279264 11.279264 18.415279 0.697945 0
283 8.427866 8.427866 18.865828 0.247397 0
284 5.210785 5.210785 18.865828 0.247397 0
285 8.073820 8.073820 18.706753 0.406472 0
286 14.168975 14.168975 18.706753 0.406472 0
287 8.020899 8.020899 18.190048 0.923177 0
288 5.355337 5.355337 18.011363 0.438629 0
289 7.135108 7.135108 17.968488 1.144737 0
290 7.992529 7.992529 17.636871 0.813121 0
291 10.951329 10.951329 18.422825 -0.475627 0
292 9.556612 9.556612 18.147694 -0.200496 0
293 8.720282 8.720282 18.500534 -0.553336 0
294 9.224996 9.224996 18.123740 -0.176542 0
295 6.156037 6.156037 17.323914 0.539477 0
296 9.858310 9.858310 17.759966 0.187232 0
297 10.907875 10.907875 17.910204 0.036995 0
298 11.831874 11.831874 18.238551 -0.061731 0
299 8.973599 8.973599 17.149681 1.027139 0
300 8.085928 8.085928 16.982089 1.467903 0
301 10.827044 10.827044 16.596427 1.853565 0
302 7.486542 7.486542 16.544963 2.542380 0
303 5.711353 5.711353 15.988842 3.098500 0
304 9.088410 9.088410 15.346503 3.103489 0
305 12.082218 12.082218 15.477221 2.972771 0
306 10.161023 10.161023 15.477221 2.972771 0
307 8.931696 8.931696 16.949973 2.137369 0
308 10.187945 10.187945 16.441484 2.759606 0
309 4.731625 4.731625 17.278876 1.808466 0
310 10.360847 10.360847 17.092265 1.233440 0
311 9.600545 9.600545 17.047213 1.278491 0
312 9.543671 9.543671 17.364590 0.961114 0
313 8.399960 8.399960 17.532006 1.555336 0
314 11.530595 11.530595 17.899796 1.187546 0
315 9.162852 9.162852 17.756504 1.444586 0
316 8.825375 8.825375 16.788096 2.412994 0
317 9.827699 9.827699 17.378258 2.277139 0
318 8.589434 8.589434 17.588880 1.612210 0
319 12.694501 12.694501 17.726550 1.431051 0
320 11.135144 11.135144 18.715490 0.485600 0
321 5.705885 5.705885 18.238375 0.919226 0
322 7.883558 7.883558 17.588880 1.612210 0
323 10.916514 10.916514 17.463161 1.694440 0
324 7.555015 7.555015 18.049063 1.038279 0
325 10.014571 10.014571 18.267074 0.400793 0
326 12.342213 12.342213 18.959607 0.197994 0
327 11.223638 11.223638 18.455599 0.212269 0
328 9.578801 9.578801 18.455599 0.212269 0
329 11.721221 11.721221 18.714740 -0.046873 0
330 6.996411 6.996411 18.537792 -0.223821 0
331 8.317932 8.317932 19.278614 -0.964643 0
332 13.669557 13.669557 19.081916 -0.767945 0
333 9.333934 9.333934 18.342516 -0.385658 0
334 10.045526 10.045526 17.866513 0.447458 0
335 8.978429 8.978429 17.893311 0.420661 0
336 7.132362 7.132362 18.521073 -0.207101 0
337 7.488959 7.488959 18.521073 -0.207101 0
338 13.382599 13.382599 17.714754 0.242103 0
339 8.413182 8.413182 16.463526 1.220228 0
340 9.156986 9.156986 15.217216 1.609149 0
341 7.094379 7.094379 15.797614 0.920891 0
342 7.274345 7.274345 15.257634 1.378230 0
343 5.886317 5.886317 14.996107 1.639757 0
344 9.867840 9.867840 15.644862 1.073643 0
345 7.600415 7.600415 15.037427 1.681077 0
346 9.474006 9.474006 15.003232 1.715273 0
347 8.841877 8.841877 14.616349 1.894245 0
348 23.381169 8.184780 14.537342 1.832218 1
349 7.611702 7.611702 14.988813 1.380747 0
350 7.998229 7.998229 14.894325 1.475235 0
351 8.184780 8.184780 14.640320 1.729240 0
352 8.359252 8.359252 14.708652 1.660908 0
353 5.777821 5.777821 15.363583 0.632875 0
354 6.383058 6.383058 15.060778 0.935680 0
355 8.255297 8.255297 14.649390 1.347068 0
356 10.196856 10.196856 14.537342 1.832218 0
357 9.702046 9.702046 14.459191 1.537267 0
358 8.907539 8.907539 14.503793 1.492665 0
359 6.840563 6.840563 14.103408 1.893050 0
360 7.962058 7.962058 13.598345 2.386741 0
361 4.203045 4.203045 13.429538 2.509128 0
362 7.587466 7.587466 14.074512 1.864153 0
363 10.178787 10.178787 14.430294 1.508371 0
364 9.088539 9.088539 15.234237 0.689878 0
365 1.673164 1.673164 15.708002 0.097138 0
366 7.880992 7.880992 15.733646 0.071495 0
367 7.969333 7.969333 15.728807 0.195308 0
368 8.924932 8.924932 15.728807 0.195308 0
369 4.439469 4.439469 15.608783 0.315332 0
370 7.992543 7.992543 15.793133 0.130982 0
371 8.300413 8.300413 15.963209 -0.158068 0
372 7.902570 7.902570 16.460880 -0.655739 0
373 6.030105 6.030105 16.439625 -0.677641 0
374 6.289806 6.289806 16.439302 -0.677318 0
375 8.838022 8.838022 16.599369 -0.837385 0
376 5.525302 5.525302 15.892711 -0.130727 0
377 7.217574 7.217574 16.029222 -0.304276 0
378 5.151193 5.151193 15.801274 -0.076329 0
379 9.654268 9.654268 15.384323 -0.949175 0
380 8.332562 8.332562 15.121795 -1.995471 0
381 9.838362 9.838362 15.074049 -1.948780 0
382 10.652431 10.652431 15.251547 -2.125222 0
383 6.562635 6.562635 15.120945 -1.995675 0
384 4.128871 4.128871 14.936918 -1.811648 0
385 7.862473 7.862473 14.637325 -1.968897 0
386 4.572872 4.572872 14.869491 -2.201064 0
387 5.521192 5.521192 15.075644 -2.040975 0
388 8.541596 8.541596 14.822030 -2.153602 0
389 6.334214 6.334214 15.057004 -2.388577 0
390 4.300907 4.300907 14.266381 -3.179200 0
391 4.400149 4.400149 14.263999 -3.173179 0
392 6.563162 6.563162 14.055005 -2.967824 0
393 5.145591 5.145591 14.055005 -2.967824 0
394 9.979609 9.979609 14.031407 -2.944225 0
395 5.292745 5.292745 12.993509 -1.951126 0
396 6.868192 6.868192 12.567765 -1.525382 0
397 5.543591 5.543591 12.600447 -1.513265 0
398 3.905196 3.905196 12.574038 -1.531654 0
399 6.517334 6.517334 12.803186 -1.716005 0
400 5.503432 5.503432 13.695224 -2.608042 0
401 3.130641 3.130641 13.828988 -2.822123 0
402 3.836963 3.836963 13.618301 -3.032811 0
403 5.545410 5.545410 14.026047 -3.019182 0
404 4.493050 4.493050 14.023483 -3.016618 0
405 8.123038 8.123038 14.102507 -3.517016 0
406 8.654125 8.654125 14.297967 -3.291102 0
407 4.678703 4.678703 13.639838 -2.632973 0
408 5.830823 5.830823 13.203921 -2.197056 0
409 6.388378 6.388378 13.406502 -2.399637 0
410 3.474992 3.474992 13.406502 -2.399637 0
411 7.557681 7.557681 12.911699 -1.904834 0
412 3.083304 3.083304 12.260782 -2.250389 0
413 0.279635 0.279635 12.260782 -2.250389 0
414 4.262027 4.262027 13.604743 -2.550001 0
415 6.891936 6.891936 13.448479 -2.357659 0
416 5.005197 5.005197 14.706181 -3.651439 0
417 0.499105 0.499105 13.855964 -2.801223 0
418 5.527371 5.527371 13.082569 -3.072175 0
419 5.597482 5.597482 12.026603 -2.031869 0
420 4.991155 4.991155 11.951146 -1.940753 0
421 7.835988 7.835988 11.733583 -1.738850 0
422 5.624893 5.624893 12.894224 -2.911915 0
423 4.997367 4.997367 11.593225 -1.598492 0
424 3.200629 3.200629 11.153218 -1.158485 0
425 5.665661 5.665661 11.146653 -1.151920 0
426 9.618998 9.618998 11.101214 -1.106481 0
427 6.332037 6.332037 11.532358 -1.537625 0
428 2.580145 2.580145 11.561083 -1.578774 0
429 4.835941 4.835941 12.030025 -2.130870 0
430 3.817875 3.817875 11.400850 -1.501696 0
431 4.816852 4.816852 11.975480 -2.185415 0
432 6.104036 6.104036 13.027082 -3.355199 0
433 4.949577 4.949577 13.244553 -3.610849 0
434 1.879642 1.879642 12.054193 -3.763456 0
435 5.319233 5.319233 12.009015 -4.373266 0
436 5.823573 5.823573 12.009015 -4.373266 0
437 4.145368 4.145368 12.009015 -4.373266 0
438 2.691672 2.691672 11.878367 -4.487684 0
439 3.695342 3.695342 11.701783 -4.311100 0
440 -0.695224 -0.695224 10.486591 -4.146611 0
441 1.543020 1.543020 11.184007 -3.793324 0
442 4.895032 4.895032 11.234223 -4.894243 0
443 1.713209 1.713209 11.212757 -4.872777 0
444 3.078912 3.078912 11.566334 -5.226354 0
445 2.613552 2.613552 11.326330 -5.004306 0
446 1.728368 1.728368 11.121679 -4.963855 0
447 2.545995 2.545995 11.369256 -5.047232 0
448 4.589891 4.589891 11.352152 -5.030128 0
449 2.840381 2.840381 11.401490 -5.079466 0
450 2.669609 2.669609 11.591050 -5.433226 0
451 6.299739 6.299739 12.122904 -5.800880 0
452 3.169990 3.169990 11.794997 -5.637173 0
453 5.709799 5.709799 11.750190 -5.428166 0
454 -0.824434 -0.824434 11.049524 -4.709544 0
455 5.862470 5.862470 11.723355 -5.401331 0
456 18.652669 3.169990 10.580246 -4.240266 1
457 3.161012 3.161012 11.671545 -5.331564 0
458 2.736013 2.736013 11.671545 -5.331564 0
459 4.239602 4.239602 11.370021 -4.405610 0
460 5.460174 5.460174 11.983760 -5.019349 0
461 5.911840 5.911840 12.399270 -6.059290 0
462 -1.187414 -1.187414 12.165547 -5.742824 0
463 5.605434 5.605434 13.429308 -7.006585 0
464 2.754378 2.754378 14.378958 -8.038978 0
465 4.272463 4.272463 14.867402 -8.545378 0
466 3.541624 3.541624 14.279138 -8.770381 0
467 0.185253 0.185253 14.460769 -8.952012 0
468 3.482205 3.482205 15.323209 -9.851183 0
469 -0.736499 -0.736499 13.973959 -8.894007 0
470 2.539976 2.539976 14.246366 -9.166414 0
471 5.020245 5.020245 14.824536 -10.538033 0
472 2.143252 2.143252 14.721528 -10.806542 0
473 -14.628129 1.696534 14.348131 -10.955063 1
474 3.211361 3.211361 12.976464 -10.275347 0
475 -0.663691 -0.663691 13.185284 -10.066528 0
476 0.552242 0.552242 12.853966 -10.152849 0
477 -0.080934 -0.080934 11.836815 -10.581122 0
478 -1.003482 -1.003482 11.340857 -10.236374 0
479 1.957493 1.957493 10.478555 -9.374072 0
480 -3.361698 -3.361698 10.539870 -9.374398 0
481 1.696534 1.696534 10.539870 -9.374398 0
482 4.860231 4.860231 10.554160 -9.298467 0
483 -2.318603 -2.318603 11.124527 -9.868834 0
484 -0.733239 -0.733239 10.550038 -9.294345 0
485 -0.038200 -0.038200 10.806957 -9.551264 0
486 1.350559 1.350559 9.951934 -8.696241 0
487 1.559378 1.559378 9.222653 -8.057181 0
488 -1.755975 -1.755975 9.144510 -7.979038 0
489 0.627846 0.627846 9.144510 -7.979038 0
490 0.182254 0.182254 9.906824 -8.741352 0
491 0.582736 0.582736 10.036788 -8.871316 0
492 1.430943 1.430943 10.158094 -9.297982 0
493 6.045474 6.045474 9.906824 -8.741352 0
494 2.115916 2.115916 9.640037 -8.779925 0
495 5.013403 5.013403 8.474157 -7.905116 0
496 2.450726 2.450726 8.228316 -7.368204 0
497 2.721429 2.721429 8.605954 -7.745842 0
498 -1.037838 -1.037838 8.605954 -7.745842 0
499 0.430056 0.430056 8.605954 -7.745842 0
500 0.284520 0.284520 8.561873 -7.701761 0
501 -0.233270 -0.233270 8.808920 -7.948808 0
502 -2.625151 -2.625151 8.924437 -8.355397 0
503 -2.413166 -2.413166 9.549345 -8.980304 0
504 -1.094948 -1.094948 9.181555 -9.367505 0
505 2.537661 2.537661 9.033974 -9.219923 0
506 -0.238393 -0.238393 8.516936 -8.702885 0
507 -0.092975 -0.092975 8.563166 -9.029706 0
508 1.373833 1.373833 7.671468 -8.148254 0
509 -2.066324 -2.066324 6.934499 -7.411285 0
510 -0.493397 -0.493397 6.488480 -6.965267 0
511 2.014530 2.014530 7.011178 -7.487965 0
512 1.025668 1.025668 7.487417 -8.340964 0
513 -2.145715 -2.145715 7.487417 -8.340964 0
514 -1.821600 -1.821600 8.206499 -9.060046 0
515 -3.266027 -3.266027 9.126253 -9.603039 0
516 -0.426773 -0.426773 9.126253 -9.603039 0
517 0.121232 0.121232 9.846584 -10.323370 0
518 2.465783 2.465783 9.670341 -10.147127 0
519 -3.011704 -3.011704 8.951845 -9.805391 0
520 -1.593874 -1.593874 8.854164 -9.840957 0
521 -0.238189 -0.238189 8.231858 -9.218651 0
522 0.106509 0.106509 7.757179 -8.743972 0
523 -7.543083 -7.543083 8.975374 -10.038212 0
524 -2.866531 -2.866531 8.975374 -10.038212 0
525 0.303255 0.303255 8.190985 -10.249213 0
526 1.633585 1.633585 8.560060 -10.618287 0
527 3.273476 3.273476 8.560060 -10.618287 0
528 -1.442878 -1.442878 8.560060 -10.618287 0
529 -3.908796 -3.908796 8.835319 -11.155625 0
530 -0.157968 -0.157968 8.286159 -11.171915 0
531 -0.531419 -0.531419 7.649997 -10.837744 0
532 -1.029114 -1.029114 7.800993 -10.686749 0
533 -0.341502 -0.341502 7.800993 -10.686749 0
534 -1.160153 -1.160153 7.672243 -10.960878 0
535 -4.418606 -4.418606 7.613339 -11.223731 0
536 1.315229 1.315229 7.251516 -10.861908 0
537 -2.191284 -2.191284 7.575781 -10.864416 0
538 -3.273143 -3.273143 7.944856 -11.233491 0
539 -3.539737 -3.539737 7.414903 -11.025294 0
540 -3.017166 -3.017166 6.122166 -10.418292 0
541 -1.644318 -1.644318 6.122166 -10.418292 0
542 -3.314391 -3.314391 6.122166 -10.418292 0
543 -2.148063 -2.148063 5.498660 -9.881229 0
544 -0.252086 -0.252086 4.275164 -10.309496 0
545 -1.805196 -1.805196 4.827314 -11.115179 0
546 -3.509218 -3.509218 3.831438 -10.377724 0
547 -4.967225 -4.967225 3.759604 -10.305890 0
548 -4.357887 -4.357887 3.971547 -10.259412 0
549 0.535519 0.535519 2.760661 -9.306946 0
550 13.547418 -3.314391 2.374110 -9.002891 1
551 -3.660851 -3.660851 3.172002 -10.014772 0
552 -3.143933 -3.143933 4.036477 -10.665258 0
553 -0.383074 -0.383074 4.726713 -11.569482 0
554 -4.015029 -4.015029 5.226349 -12.244786 0
555 -3.993904 -3.993904 6.207155 -13.528856 0
556 -3.984021 -3.984021 5.424119 -12.745820 0
557 -6.592861 -6.592861 5.116996 -12.438697 0
558 -3.705357 -3.705357 3.984588 -11.395301 0
559 -1.513520 -1.513520 3.855850 -11.823892 0
560 -1.973254 -1.973254 3.953448 -11.364161 0
561 -4.192480 -4.192480 3.972216 -11.382929 0
562 -3.421385 -3.421385 3.410123 -10.820836 0
563 -6.806633 -6.806633 2.692188 -10.660230 0
564 -1.300189 -1.300189 3.121576 -11.109383 0
565 -6.456484 -6.456484 3.436372 -11.466430 0
566 -5.272760 -5.272760 2.925413 -10.955471 0
567 -5.371250 -5.371250 2.842293 -10.830100 0
568 -2.924654 -2.924654 2.790071 -11.175030 0
569 -2.863352 -2.863352 3.115339 -11.674911 0
570 -4.487874 -4.487874 3.658482 -12.218054 0
571 -4.412896 -4.412896 3.916005 -12.605790 0
572 -3.185967 -3.185967 3.619695 -12.309479 0
573 -4.810513 -4.810513 2.915812 -11.741604 0
574 -2.511660 -2.511660 3.620352 -12.596101 0
575 -4.279786 -4.279786 3.791655 -13.412681 0
576 -5.758769 -5.758769 3.970091 -12.945840 0
577 -6.560281 -6.560281 2.518195 -12.139221 0
578 -2.960049 -2.960049 1.981907 -11.437697 0
579 -3.733358 -3.733358 2.667231 -12.123020 0
580 -4.344892 -4.344892 2.600813 -12.056603 0
581 -6.356539 -6.356539 2.162541 -11.618330 0
582 -8.066854 -8.066854 2.030501 -11.651527 0
583 -5.838075 -5.838075 1.916214 -12.039979 0
584 -2.310525 -2.310525 2.962012 -13.572131 0
585 -5.061883 -5.061883 3.062592 -14.129493 0
586 -7.902661 -7.902661 3.760352 -14.827253 0
587 -7.654868 -7.654868 3.649729 -14.937876 0
588 -2.992487 -2.992487 2.929761 -14.447300 0
589 -5.305060 -5.305060 2.951969 -14.240116 0
590 -4.727895 -4.727895 2.622998 -13.911144 0
591 -7.806376 -7.806376 2.622998 -13.911144 0
592 -5.533451 -5.533451 1.922773 -13.533945 0
593 -4.720891 -4.720891 1.986777 -13.597948 0
594 -5.644073 -5.644073 2.507102 -14.118274 0
595 -6.054865 -6.054865 2.825490 -14.436662 0
596 -9.702415 -9.702415 2.887155 -14.498327 0
597 -9.498429 -9.498429 2.887155 -14.498327 0
598 -2.493494 -2.493494 3.048636 -14.995011 0
599 -8.335606 -8.335606 3.551274 -15.497649 0
600 -5.805586 -5.805586 3.171096 -15.117471 0
601 -5.601854 -5.601854 2.966959 -15.076688 0
602 -5.973188 -5.973188 3.495245 -16.380830 0
603 -4.030868 -4.030868 2.554052 -16.584334 0
604 -8.311293 -8.311293 3.682921 -16.568506 0
605 -3.100040 -3.100040 3.682921 -16.568506 0
606 -7.535112 -7.535112 3.506708 -16.392293 0
607 -7.015141 -7.015141 2.922896 -16.953178 0
608 -7.465775 -7.465775 2.893797 -16.924078 0
609 -2.258369 -2.258369 3.291708 -16.177293 0
610 -6.442793 -6.442793 2.922864 -15.808449 0
611 -9.013013 -9.013013 2.125692 -15.011277 0
612 -7.466331 -7.466331 1.764878 -14.650464 0
613 -8.716577 -8.716577 1.981141 -14.866727 0
614 -9.905082 -9.905082 1.981141 -14.866727 0
615 -7.192530 -7.192530 1.839250 -14.724835 0
616 -3.709826 -3.709826 1.192530 -15.222812 0
617 -4.835126 -4.835126 1.981141 -14.866727 0
618 -5.347735 -5.347735 0.386000 -13.271585 0
619 -7.256794 -7.256794 0.802973 -12.854612 0
620 -6.008870 -6.008870 1.242898 -13.294536 0
621 -5.710140 -5.710140 0.802973 -12.854612 0
622 -7.138076 -7.138076 -0.166413 -12.719173 0
623 -5.486622 -5.486622 0.691131 -13.669095 0
624 -7.423230 -7.423230 -0.061292 -12.916673 0
625 -5.992552 -5.992552 0.031051 -13.009016 0
626 -6.025819 -6.025819 0.031051 -13.009016 0
627 -5.763488 -5.763488 -0.061292 -12.916673 0
628 -9.152842 -9.152842 0.643131 -13.621095 0
629 -4.947763 -4.947763 -0.267572 -13.337683 0
630 -5.312095 -5.312095 -0.603021 -13.673132 0
631 -5.140594 -5.140594 -0.493181 -13.782972 0
632 -8.114486 -8.114486 -0.281520 -13.323736 0
633 -6.488982 -6.488982 -0.309284 -13.966869 0
634 -7.678385 -7.678385 -0.291117 -14.555343 0
635 -10.031836 -10.031836 -0.896886 -14.459884 0
636 -7.918713 -7.918713 -0.896886 -14.459884 0
637 -6.802628 -6.802628 -0.587367 -15.250060 0
638 -8.837612 -8.837612 -0.727296 -15.389990 0
639 -8.622168 -8.622168 -0.421981 -15.806991 0
640 -11.997592 -11.997592 -0.721350 -16.522985 0
641 -8.803812 -8.803812 -0.201202 -17.043133 0
642 -8.840204 -8.840204 -0.312285 -16.996481 0
643 -6.756679 -6.756679 -0.753566 -16.555200 0
644 -6.489111 -6.489111 -1.234777 -16.073989 0
645 -9.432196 -9.432196 -0.560687 -17.046938 0
646 -8.058643 -8.058643 -1.064698 -16.610527 0
647 -8.654383 -8.654383 -1.371945 -16.308463 0
648 -7.610917 -7.610917 -1.418007 -16.257218 0
649 -9.723912 -9.723912 -1.418007 -16.257218 0
650 -9.025920 -9.025920 -0.740110 -16.935114 0
651 -13.479297 -13.479297 -0.461714 -17.145910 0
652 -11.460973 -11.460973 -0.217291 -17.390333 0
653 -9.836700 -9.836700 -0.706310 -16.901314 0
654 -10.134987 -10.134987 -0.742702 -16.937706 0
655 -6.124257 -6.124257 -1.000439 -16.308327 0
656 -7.669710 -7.669710 -1.442329 -16.609511 0
657 -25.717885 -9.025920 -1.994991 -16.056849 1
658 -9.732316 -9.732316 -1.327212 -15.981554 0
659 -9.400018 -9.400018 -1.994991 -16.056849 0
660 -7.349048 -7.349048 -2.138168 -15.913672 0
661 -6.918614 -6.918614 -2.039774 -16.012066 0
662 -4.644621 -4.644621 -1.100392 -15.754733 0
663 -7.814512 -7.814512 -1.374915 -15.347208 0
664 -6.999516 -6.999516 -1.719792 -15.002332 0
665 -10.638205 -10.638205 -1.719792 -15.002332 0
666 -9.907166 -9.907166 -1.752506 -14.370272 0
667 -7.567737 -7.567737 -1.717077 -14.405701 0
668 -9.391755 -9.391755 -2.450894 -13.671884 0
669 -7.753135 -7.753135 -2.389669 -14.150705 0
670 -8.054450 -8.054450 -2.929273 -13.193505 0
671 -9.472058 -9.472058 -2.272019 -13.850759 0
672 -8.361062 -8.361062 -2.118481 -13.990420 0
673 -7.271663 -7.271663 -1.604673 -14.504228 0
674 -8.427563 -8.427563 -1.941543 -14.181235 0
675 -7.340866 -7.340866 -2.611289 -13.511489 0
676 -8.523586 -8.523586 -2.245041 -14.192503 0
677 -11.649602 -11.649602 -2.429402 -14.008142 0
678 -8.061389 -8.061389 -3.226213 -13.211331 0
679 -9.327534 -9.327534 -3.129554 -13.307991 0
680 -7.578625 -7.578625 -2.695602 -13.844772 0
681 -8.270187 -8.270187 -3.179044 -13.258501 0
682 -6.799103 -6.799103 -2.296456 -14.243919 0
683 -11.897201 -11.897201 -1.749922 -14.972202 0
684 -6.105954 -6.105954 -2.000122 -14.540252 0
685 -6.308229 -6.308229 -1.829805 -14.710570 0
686 -8.218772 -8.218772 -1.731857 -15.123268 0
687 -7.465009 -7.465009 -1.328047 -15.719125 0
688 -9.929549 -9.929549 -0.897629 -16.149543 0
689 -8.053036 -8.053036 -0.644230 -15.896144 0
690 -8.812181 -8.812181 -0.721288 -15.819086 0
691 -11.775775 -11.775775 -1.031546 -15.508829 0
692 -9.292914 -9.292914 -0.721288 -15.819086 0
693 -8.089849 -8.089849 -0.644230 -15.896144 0
694 -10.969398 -10.969398 -0.407474 -17.216887 0
695 -12.694388 -12.694388 -1.181684 -17.077759 0
696 -7.910436 -7.910436 -0.068489 -18.190954 0
697 -9.129722 -9.129722 -0.409930 -18.175898 0
698 -10.660551 -10.660551 -2.005819 -17.740754 0
699 -11.503712 -11.503712 -1.524843 -18.334255 0
700 -6.970637 -6.970637 -1.524843 -18.334255 0
701 -7.484025 -7.484025 -1.782309 -18.460539 0
702 -11.203502 -11.203502 -2.332060 -18.066995 0
703 -7.645138 -7.645138 -2.518332 -17.880723 0
704 -10.199528 -10.199528 -2.895493 -17.503562 0
705 -7.888185 -7.888185 -2.967228 -17.447497 0
706 -12.432061 -12.432061 -2.435747 -17.978979 0
707 -11.482637 -11.482637 -1.251547 -19.163179 0
708 -14.004683 -14.004683 -2.337757 -18.061298 0
709 -9.873287 -9.873287 -2.427912 -17.971144 0
710 -10.207363 -10.207363 -2.251490 -18.147565 0
711 -12.076098 -12.076098 -2.251490 -18.147565 0
712 -9.351541 -9.351541 -2.173387 -18.069461 0
713 -10.121424 -10.121424 -2.792862 -17.449986 0
714 -10.631217 -10.631217 -3.035069 -17.363986 0
715 -9.994583 -9.994583 -2.259653 -17.983195 0
716 -10.812405 -10.812405 -2.949891 -17.449164 0
717 -11.948369 -11.948369 -2.889291 -17.388564 0
718 8.443520 -10.207363 -3.615804 -16.798922 1
719 -13.624900 -13.624900 -3.566211 -16.711645 0
720 -9.983922 -9.983922 -3.697051 -16.545797 0
721 -7.574850 -7.574850 -3.649616 -16.339550 0
722 -8.641288 -8.641288 -3.622406 -16.620442 0
723 -10.607213 -10.607213 -3.495565 -16.493601 0
724 -9.434477 -9.434477 -3.898877 -16.090289 0
725 -9.205209 -9.205209 -3.652368 -16.336798 0
726 -11.799755 -11.799755 -3.453147 -16.514698 0
727 -7.297338 -7.297338 -2.834490 -17.133355 0
728 -11.497214 -11.497214 -2.267255 -17.412340 0
729 -10.138928 -10.138928 -2.187089 -16.681864 0
730 -10.712078 -10.712078 -2.187089 -16.681864 0
731 -8.922397 -8.922397 -2.915529 -15.953424 0
732 -9.839797 -9.839797 -3.303184 -15.494596 0
733 -8.428877 -8.428877 -3.056675 -15.741104 0
734 -11.203789 -11.203789 -3.358568 -15.510385 0
735 -9.398890 -9.398890 -3.415425 -16.264170 0
736 -10.705525 -10.705525 -3.340779 -16.338816 0
737 -8.654351 -8.654351 -2.458968 -17.818888 0
738 -8.913498 -8.913498 -2.458968 -17.818888 0
739 -14.056843 -14.056843 -2.458968 -17.818888 0
740 -8.479419 -8.479419 -3.616584 -16.762018 0
741 -9.064292 -9.064292 -2.458968 -17.818888 0
742 -11.963697 -11.963697 -2.509506 -17.170089 0
743 -7.918956 -7.918956 -3.172250 -16.406007 0
744 -8.893071 -8.893071 -2.453181 -17.125076 0
745 -11.978043 -11.978043 -1.695487 -17.882771 0
746 -10.506286 -10.506286 -1.942463 -18.436139 0
747 -11.985041 -11.985041 -1.597522 -18.781080 0
748 -12.585050 -12.585050 -1.193377 -19.221824 0
749 -13.011362 -13.011362 -1.193377 -19.221824 0
750 -8.661657 -8.661657 -1.521559 -19.491012 0
751 -10.207601 -10.207601 -1.521559 -19.491012 0
752 -10.189301 -10.189301 -1.615822 -18.799380 0
753 -6.594348 -6.594348 -2.004469 -18.410732 0
754 -9.789129 -9.789129 -2.052858 -18.362344 0
755 -9.222485 -9.222485 -2.051107 -18.364095 0
756 -7.785350 -7.785350 -2.423251 -18.589320 0
757 -12.943592 -12.943592 -2.259448 -18.753123 0
758 -11.676527 -11.676527 -1.615822 -18.799380 0
759 -13.376047 -13.376047 -1.207002 -19.171600 0
760 -10.901260 -10.901260 -1.105132 -19.069730 0
761 -10.603267 -10.603267 -1.708391 -18.466471 0
762 -10.935113 -10.935113 -2.438315 -17.736547 0
763 -8.887820 -8.887820 -2.095659 -18.282943 0
764 -10.087431 -10.087431 -1.641725 -18.533137 0
765 -9.862144 -9.862144 -1.006042 -18.745178 0
766 -9.875610 -9.875610 -2.505344 -17.595850 0
767 -13.787036 -13.787036 -2.401481 -17.699713 0
768 -12.572964 -12.572964 -2.661687 -17.471029 0
769 -7.673684 -7.673684 -3.026587 -17.148275 0
770 -6.286761 -6.286761 -3.403508 -16.771354 0
771 -8.308769 -8.308769 -3.671243 -16.461473 0
772 -8.221577 -8.221577 -3.671243 -16.461473 0
773 -10.528450 -10.528450 -3.905278 -16.195917 0
774 -10.667655 -10.667655 -4.068707 -15.682512 0
775 -13.192959 -13.192959 -4.284206 -15.440081 0
776 -8.484980 -8.484980 -3.467029 -16.257258 0
777 -8.194163 -8.194163 -3.070691 -16.086382 0
778 -10.050597 -10.050597 -3.064374 -16.080065 0
779 -9.063724 -9.063724 -2.350779 -16.793659 0
780 -10.066358 -10.066358 -1.818750 -16.377697 0
781 -10.441165 -10.441165 -1.759431 -16.437015 0
782 -10.201032 -10.201032 -1.818750 -16.377697 0
783 -9.098223 -9.098223 -2.297895 -16.846544 0
784 -12.829292 -12.829292 -2.010255 -17.146819 0
785 -9.572219 -9.572219 -2.692047 -17.409148 0
786 -9.578537 -9.578537 -1.400063 -17.757011 0
787 -8.875957 -8.875957 -1.104937 -18.039502 0
788 -6.473736 -6.473736 -1.599477 -17.544962 0
789 -8.898824 -8.898824 -1.599477 -17.544962 0
790 -8.342426 -8.342426 -2.266312 -16.878127 0
791 -13.415238 -13.415238 -0.993542 -17.202904 0
792 -4.318092 -4.318092 -0.340125 -18.804313 0
793 -11.400119 -11.400119 -0.759957 -18.384482 0
794 -8.086774 -8.086774 0.939858 -19.136304 0
795 -12.536231 -12.536231 0.412671 -18.609117 0
796 -11.160834 -11.160834 1.608785 -19.406434 0
797 -10.442468 -10.442468 1.790913 -19.588562 0
798 -6.271823 -6.271823 1.631653 -19.383567 0
799 -7.609191 -7.609191 2.319737 -20.071650 0
800 -9.725720 -9.725720 2.727157 -20.433160 0
801 -8.258947 -8.258947 2.681334 -20.478983 0
802 -8.853002 -8.853002 2.447473 -21.349660 0
803 -6.288309 -6.288309 2.447473 -21.349660 0
804 -11.002650 -11.002650 1.654608 -19.360611 0
805 -9.905660 -9.905660 0.528883 -19.431069 0
806 -6.452553 -6.452553 0.906350 -18.612353 0
807 -9.451093 -9.451093 0.231632 -19.133818 0
808 -6.623700 -6.623700 0.288792 -17.994795 0
809 -15.518919 -15.518919 0.060491 -17.766494 0
810 -8.660969 -8.660969 -0.048101 -17.657902 0
811 -12.053808 -12.053808 -0.542785 -18.152586 0
812 -6.397409 -6.397409 -0.580373 -18.114998 0
813 -11.636788 -11.636788 -0.580373 -18.114998 0
814 -9.680276 -9.680276 -0.638831 -18.263356 0
815 -8.466938 -8.466938 -0.463420 -18.438767 0
816 -7.471020 -7.471020 -1.018390 -18.342163 0
817 -11.608259 -11.608259 -1.018390 -18.342163 0
818 -8.563042 -8.563042 -1.018390 -18.342163 0
819 -10.589499 -10.589499 -1.417694 -17.973635 0
820 -8.002144 -8.002144 -0.807272 -18.584058 0
821 -9.347686 -9.347686 -1.358403 -18.032927 0
822 -9.695665 -9.695665 -1.579434 -17.781119 0
823 -11.666017 -11.666017 -1.641128 -17.719424 0
824 -8.521872 -8.521872 -1.846304 -17.368883 0
825 -10.158995 -10.158995 -1.918986 -17.441566 0
826 -12.508431 -12.508431 -1.568445 -17.646742 0
827 -8.633912 -8.633912 -0.654764 -18.143556 0
828 -10.647953 -10.647953 -0.257367 -18.540954 0
829 -11.338906 -11.338906 -0.183199 -18.615121 0
830 -10.274801 -10.274801 -0.439601 -18.255771 0
831 -10.233446 -10.233446 -0.439601 -18.255771 0
832 -5.802513 -5.802513 0.025827 -18.290956 0
833 -9.399160 -9.399160 -0.224479 -18.040649 0
834 -7.458099 -7.458099 0.432187 -18.692143 0
835 -9.132564 -9.132564 1.156693 -18.424518 0
836 -9.607594 -9.607594 0.956806 -18.210830 0
837 -13.156607 -13.156607 1.027440 -18.281463 0
838 -6.104133 -6.104133 1.027440 -18.281463 0
839 7.701354 -8.627012 0.490559 -17.744583 1
840 -5.666991 -5.666991 0.714457 -17.717465 0
841 -5.010128 -5.010128 0.703727 -17.531416 0
842 -9.129978 -9.129978 1.620508 -16.696275 0
843 -8.627012 -8.627012 1.196916 -16.272683 0
844 -6.093441 -6.093441 0.790409 -15.706607 0
845 -8.501504 -8.501504 0.790409 -15.706607 0
846 -6.955774 -6.955774 1.739069 -16.398702 0
847 -7.537883 -7.537883 1.739069 -16.398702 0
848 -6.353031 -6.353031 1.622828 -16.282462 0
849 -8.413845 -8.413845 0.849326 -15.508959 0
850 -9.921840 -9.921840 -0.200358 -14.459276 0
851 -9.254802 -9.254802 0.215441 -14.904275 0
852 -7.187916 -7.187916 -1.077569 -13.998198 0
853 -6.804699 -6.804699 -1.077569 -13.998198 0
854 -3.821995 -3.821995 -1.484674 -13.591093 0
855 -8.941027 -8.941027 -1.433411 -13.255424 0
856 -7.329817 -7.329817 -1.756458 -12.932376 0
857 -5.660773 -5.660773 -1.707594 -13.305267 0
858 -5.748305 -5.748305 -1.390320 -13.298514 0
859 -7.344417 -7.344417 -1.433411 -13.255424 0
860 -7.963998 -7.963998 -0.294135 -14.374185 0
861 -7.707752 -7.707752 0.353113 -15.021433 0
862 -9.081348 -9.081348 0.849326 -15.508959 0
863 -9.853057 -9.853057 0.847627 -15.507261 0
864 -7.859553 -7.859553 0.447082 -14.822913 0
865 -6.093459 -6.093459 1.131720 -15.223168 0
866 -6.882726 -6.882726 1.962823 -16.622456 0
867 -7.045724 -7.045724 0.486540 -15.146173 0
868 -7.506431 -7.506431 0.797015 -14.888462 0
869 -10.560757 -10.560757 1.131720 -15.223168 0
870 -4.134631 -4.134631 2.006073 -16.097520 0
871 -7.334160 -7.334160 1.717637 -16.385957 0
872 -2.543407 -2.543407 2.696338 -16.787786 0
873 -5.551132 -5.551132 3.359296 -17.413601 0
874 -5.557472 -5.557472 3.359296 -17.413601 0
875 -9.597129 -9.597129 2.679465 -16.444917 0
876 -6.234376 -6.234376 2.265183 -16.030635 0
877 -5.719000 -5.719000 3.327815 -15.796567 0
878 -10.253305 -10.253305 3.500156 -15.968909 0
879 -7.027153 -7.027153 4.107391 -16.576143 0
880 -3.277825 -3.277825 4.002682 -16.471434 0
881 -8.024966 -8.024966 3.074034 -15.542787 0
882 -4.088218 -4.088218 2.181800 -14.524466 0
883 -9.886444 -9.886444 1.833792 -14.176458 0
884 -5.465992 -5.465992 1.679668 -14.022334 0
885 -4.626248 -4.626248 0.993107 -13.335774 0
886 -8.139784 -8.139784 0.966924 -13.309590 0
887 -6.171333 -6.171333 1.446066 -13.788732 0
888 -7.487844 -7.487844 1.144210 -13.486877 0
889 -4.201900 -4.201900 2.112739 -14.455406 0
890 -4.935970 -4.935970 2.181800 -14.524466 0
891 -8.051641 -8.051641 2.776652 -14.008275 0
892 -6.283575 -6.283575 2.717340 -13.948963 0
893 -6.577917 -6.577917 2.001588 -13.233210 0
894 -5.582490 -5.582490 2.034909 -13.199889 0
895 -4.613300 -4.613300 2.531026 -13.696006 0
896 -6.489681 -6.489681 2.132861 -13.297842 0
897 -5.615811 -5.615811 2.315248 -13.546871 0
898 -5.383020 -5.383020 2.099540 -13.331163 0
899 -3.559161 -3.559161 2.488447 -13.653427 0
900 -7.797923 -7.797923 2.687918 -13.453957 0
901 -9.805537 -9.805537 1.992106 -12.758146 0
902 -4.040180 -4.040180 2.132861 -13.297842 0
903 -0.019255 -0.019255 2.837078 -14.002058 0
904 -5.857598 -5.857598 2.744540 -13.510579 0
905 -4.796007 -4.796007 3.025108 -13.512337 0
906 -3.665905 -3.665905 3.873442 -13.465457 0
907 -2.701801 -2.701801 4.681279 -13.907879 0
908 -6.459681 -6.459681 4.913691 -14.007474 0
909 -6.111748 -6.111748 4.560972 -13.465441 0
910 -4.546891 -4.546891 4.369087 -13.273556 0
911 -0.992039 -0.992039 4.369087 -13.273556 0
912 -5.243615 -5.243615 4.913691 -14.007474 0
913 -5.849748 -5.849748 3.872676 -12.966459 0
914 -8.657230 -8.657230 3.340663 -12.245132 0
915 0.013710 0.013710 3.767670 -12.672139 0
916 -4.272747 -4.272747 4.193908 -13.098377 0
917 -3.859143 -3.859143 4.739573 -13.285066 0
918 -0.285185 -0.285185 5.746194 -13.631048 0
919 -0.368422 -0.368422 5.311762 -13.857256 0
920 -4.452234 -4.452234 4.739573 -13.285066 0
921 -3.942427 -3.942427 4.414149 -12.505867 0
922 -5.078934 -5.078934 4.477141 -12.361995 0
923 -5.528790 -5.528790 4.789178 -12.507464 0
924 -6.955623 -6.955623 4.449488 -12.278772 0
925 -5.044986 -5.044986 4.415567 -12.133853 0
926 -3.839739 -3.839739 4.045286 -11.724764 0
927 -2.714237 -2.714237 3.700820 -11.380299 0
928 -2.209695 -2.209695 2.625013 -10.304491 0
929 -2.679171 -2.679171 3.348472 -11.027951 0
930 -1.227082 -1.227082 3.700820 -11.380299 0
931 -4.513613 -4.513613 2.819757 -10.499235 0
932 -3.503033 -3.503033 1.724761 -9.404239 0
933 -4.045859 -4.045859 1.880733 -9.560211 0
934 -1.208698 -1.208698 2.373978 -9.422515 0
935 -3.343872 -3.343872 2.473880 -9.522417 0
936 -3.914642 -3.914642 2.388507 -9.407986 0
937 -2.926197 -2.926197 1.949169 -8.968648 0
938 -2.127830 -2.127830 1.767915 -8.773980 0
939 -5.020633 -5.020633 2.025069 -8.712812 0
940 -3.509739 -3.509739 2.257104 -8.944848 0
941 -5.458266 -5.458266 2.448082 -9.135825 0
942 -4.941477 -4.941477 2.432743 -9.120486 0
943 -3.524269 -3.524269 2.115037 -8.802781 0
944 -2.819701 -2.819701 2.483792 -8.367135 0
945 -4.930667 -4.930667 2.191604 -8.043997 0
946 -1.568355 -1.568355 2.298100 -7.937501 0
947 -4.789208 -4.789208 2.115106 -7.967499 0
948 -2.455575 -2.455575 2.208019 -8.060412 0
949 -4.368546 -4.368546 2.039036 -7.891430 0
950 -2.732531 -2.732531 2.605763 -8.245165 0
951 -2.084439 -2.084439 2.648658 -8.532001 0
952 -1.534714 -1.534714 3.334589 -8.973990 0
953 -1.219135 -1.219135 3.078546 -8.717948 0
954 -2.941671 -2.941671 2.692933 -8.157995 0
955 -2.328370 -2.328370 2.857798 -8.322861 0
956 -2.686642 -2.686642 2.697365 -8.070648 0
957 -2.602175 -2.602175 2.682271 -8.055554 0
958 -1.349286 -1.349286 2.928461 -8.132812 0
959 -3.443697 -3.443697 2.917203 -8.121554 0
960 -3.791500 -3.791500 2.585727 -7.496878 0
961 -2.989025 -2.989025 3.161788 -7.818528 0
962 -1.357979 -1.357979 2.699634 -7.356374 0
963 -4.459286 -4.459286 3.161788 -7.818528 0
964 1.278043 1.278043 3.631898 -8.288637 0
965 -3.261486 -3.261486 4.073094 -8.729833 0
966 -2.255023 -2.255023 4.073094 -8.729833 0
967 -5.573807 -5.573807 4.740080 -9.250126 0
968 -2.125162 -2.125162 5.648860 -9.899183 0
969 -2.725776 -2.725776 6.488144 -10.515743 0
970 -0.181174 -0.181174 6.602848 -10.630446 0
971 -1.630094 -1.630094 7.157691 -11.185290 0
972 -2.013799 -2.013799 7.542343 -10.802530 0
973 -1.289570 -1.289570 7.648779 -10.908966 0
974 -2.762209 -2.762209 7.648779 -10.908966 0
975 -4.026165 -4.026165 7.265073 -11.292672 0
976 2.373612 2.373612 6.795451 -10.055638 0
977 2.287711 2.287711 6.463232 -9.723419 0
978 -0.742487 -0.742487 6.649116 -9.402798 0
979 -0.735738 -0.735738 7.361328 -9.940469 0
980 1.444976 1.444976 6.954431 -8.886205 0
981 0.499573 0.499573 6.948494 -8.880268 0
982 -3.549683 -3.549683 7.115226 -8.600199 0
983 0.231040 0.231040 7.173007 -8.657980 0
984 -0.434319 -0.434319 7.290218 -8.761695 0
985 -3.857747 -3.857747 7.481174 -8.349812 0
986 -2.283152 -2.283152 7.591638 -8.460276 0
987 -2.322953 -2.322953 7.814671 -8.683308 0
988 -1.376841 -1.376841 7.469332 -7.910807 0
989 -0.007156 -0.007156 7.443955 -8.312592 0
990 -0.965887 -0.965887 6.579616 -7.749673 0
991 0.978217 0.978217 7.305529 -8.174167 0
992 0.303988 0.303988 6.837712 -7.279187 0
993 -1.384319 -1.384319 7.030861 -7.899499 0
994 0.511217 0.511217 6.524228 -7.924435 0
995 0.995050 0.995050 6.974820 -7.843458 0
996 1.217818 1.217818 6.174443 -7.574649 0
997 0.453970 0.453970 6.698121 -8.629895 0
998 -2.531342 -2.531342 6.110080 -7.083124 0
999 -4.902825 -4.902825 6.110777 -6.125089 0
