#m=0,S=17
0 1
1.42074 1.5403
2.45465 1.34636
3.07056 2.08887
3.6216 3.04234
4.52054 5.9912
5.86029 5.87204
7.32849 7.30059
8.49468 8.39186
9.20606 9.77669
#m=1,S=0
0 1
0.01 1.00699
0.02 1.01397
0.03 1.02096
0.04 1.02794
0.05 1.03492
0.06 1.04189
0.07 1.04886
0.08 1.05582
0.09 1.06278
0.1 1.06972
0.11 1.07666
0.12 1.08358
0.13 1.0905
0.14 1.0974
0.15 1.10429
0.16 1.11116
0.17 1.11802
0.18 1.12487
0.19 1.13169
0.2 1.1385
0.21 1.14529
0.22 1.15206
0.23 1.15881
0.24 1.16553
0.25 1.17224
0.26 1.17892
0.27 1.18557
0.28 1.1922
0.29 1.19881
0.3 1.20538
0.31 1.21193
0.32 1.21845
0.33 1.22494
0.34 1.23139
0.35 1.23782
0.36 1.24421
0.37 1.25057
0.38 1.25689
0.39 1.26317
0.4 1.26942
0.41 1.27564
0.42 1.28181
0.43 1.28794
0.44 1.29403
0.45 1.30008
0.46 1.30609
0.47 1.31206
0.48 1.31798
0.49 1.32385
0.5 1.32968
0.51 1.33546
0.52 1.34119
0.53 1.34688
0.54 1.35251
0.55 1.35809
0.56 1.36362
0.57 1.3691
0.58 1.37452
0.59 1.37989
0.6 1.3852
0.61 1.39046
0.62 1.39565
0.63 1.40079
0.64 1.40587
0.65 1.41089
0.66 1.41585
0.67 1.42074
0.68 1.42557
0.69 1.43034
0.7 1.43504
0.71 1.43968
0.72 1.44424
0.73 1.44874
0.74 1.45317
0.75 1.45754
0.76 1.46182
0.77 1.46604
0.78 1.47019
0.79 1.47426
0.8 1.47825
0.81 1.48217
0.82 1.48602
0.83 1.48978
0.84 1.49347
0.85 1.49708
0.86 1.50061
0.87 1.50405
0.88 1.50742
0.89 1.5107
0.9 1.51389
0.91 1.517
0.92 1.52003
0.93 1.52297
0.94 1.52582
0.95 1.52858
0.96 1.53125
0.97 1.53383
0.98 1.53631
0.99 1.53871
1 1.54101
1.01 1.54322
1.02 1.54533
1.03 1.54734
1.04 1.54926
1.05 1.55108
1.06 1.5528
1.07 1.55442
1.08 1.55593
1.09 1.55735
1.1 1.55866
1.11 1.55987
1.12 1.56097
1.13 1.56197
1.14 1.56286
1.15 1.56364
1.16 1.56431
1.17 1.56488
1.18 1.56533
1.19 1.56567
1.2 1.5659
1.21 1.56601
1.22 1.56601
1.23 1.5659
1.24 1.56566
1.25 1.56531
1.26 1.56485
1.27 1.56426
1.28 1.56355
1.29 1.56272
1.3 1.56177
1.31 1.5607
1.32 1.5595
1.33 1.55818
1.34 1.55673
1.35 1.55515
1.36 1.55345
1.37 1.55162
1.38 1.54965
1.39 1.54756
1.4 1.54534
1.41 1.54298
1.42 1.54049
1.43 1.53787
1.44 1.53511
1.45 1.53223
1.46 1.52923
1.47 1.52611
1.48 1.52287
1.49 1.51953
1.5 1.51608
1.51 1.51254
1.52 1.50889
1.53 1.50516
1.54 1.50133
1.55 1.49742
1.56 1.49344
1.57 1.48938
1.58 1.48525
1.59 1.48105
1.6 1.47679
1.61 1.47247
1.62 1.4681
1.63 1.46368
1.64 1.45922
1.65 1.45471
1.66 1.45017
1.67 1.4456
1.68 1.441
1.69 1.43638
1.7 1.43173
1.71 1.42708
1.72 1.42241
1.73 1.41774
1.74 1.41306
1.75 1.40839
1.76 1.40372
1.77 1.39907
1.78 1.39443
1.79 1.38981
1.8 1.38521
1.81 1.38064
1.82 1.37611
1.83 1.37161
1.84 1.36715
1.85 1.36274
1.86 1.35838
1.87 1.35407
1.88 1.34982
1.89 1.34563
1.9 1.34151
1.91 1.33746
1.92 1.33349
1.93 1.32959
1.94 1.32578
1.95 1.32206
1.96 1.31843
1.97 1.3149
1.98 1.31147
1.99 1.30814
2 1.30493
2.01 1.30182
2.02 1.29884
2.03 1.29598
2.04 1.29325
2.05 1.29064
2.06 1.28817
2.07 1.28585
2.08 1.28366
2.09 1.28163
2.1 1.27975
2.11 1.27802
2.12 1.27646
2.13 1.27506
2.14 1.27383
2.15 1.27277
2.16 1.2719
2.17 1.2712
2.18 1.2707
2.19 1.27038
2.2 1.27026
2.21 1.27034
2.22 1.27063
2.23 1.27112
2.24 1.27183
2.25 1.27275
2.26 1.27389
2.27 1.27526
2.28 1.27686
2.29 1.27869
2.3 1.28077
2.31 1.28308
2.32 1.28564
2.33 1.28846
2.34 1.29153
2.35 1.29486
2.36 1.29845
2.37 1.30231
2.38 1.30644
2.39 1.31086
2.4 1.31555
2.41 1.32053
2.42 1.3258
2.43 1.33136
2.44 1.33722
2.45 1.34339
2.46 1.34986
2.47 1.35663
2.48 1.36371
2.49 1.37108
2.5 1.37874
2.51 1.38668
2.52 1.39489
2.53 1.40337
2.54 1.41212
2.55 1.42112
2.56 1.43037
2.57 1.43986
2.58 1.44959
2.59 1.45955
2.6 1.46974
2.61 1.48015
2.62 1.49077
2.63 1.50159
2.64 1.51262
2.65 1.52384
2.66 1.53525
2.67 1.54684
2.68 1.5586
2.69 1.57054
2.7 1.58263
2.71 1.59489
2.72 1.60729
2.73 1.61984
2.74 1.63253
2.75 1.64535
2.76 1.65829
2.77 1.67136
2.78 1.68454
2.79 1.69782
2.8 1.71121
2.81 1.72469
2.82 1.73826
2.83 1.75191
2.84 1.76564
2.85 1.77943
2.86 1.7933
2.87 1.80722
2.88 1.82119
2.89 1.8352
2.9 1.84925
2.91 1.86334
2.92 1.87745
2.93 1.89159
2.94 1.90573
2.95 1.91989
2.96 1.93405
2.97 1.9482
2.98 1.96234
2.99 1.97646
3 1.99057
3.01 2.00464
3.02 2.01867
3.03 2.03267
3.04 2.04661
3.05 2.06051
3.06 2.07434
3.07 2.0881
3.08 2.1018
3.09 2.11543
3.1 2.12901
3.11 2.14254
3.12 2.15605
3.13 2.16954
3.14 2.18303
3.15 2.19651
3.16 2.21002
3.17 2.22354
3.18 2.23711
3.19 2.25072
3.2 2.26439
3.21 2.27813
3.22 2.29195
3.23 2.30586
3.24 2.31988
3.25 2.33401
3.26 2.34826
3.27 2.36266
3.28 2.37719
3.29 2.39189
3.3 2.40676
3.31 2.42181
3.32 2.43704
3.33 2.45249
3.34 2.46814
3.35 2.48402
3.36 2.50014
3.37 2.5165
3.38 2.53312
3.39 2.55001
3.4 2.56718
3.41 2.58464
3.42 2.6024
3.43 2.62047
3.44 2.63887
3.45 2.65761
3.46 2.67669
3.47 2.69613
3.48 2.71593
3.49 2.73612
3.5 2.7567
3.51 2.77768
3.52 2.79907
3.53 2.82088
3.54 2.84313
3.55 2.86583
3.56 2.88898
3.57 2.9126
3.58 2.9367
3.59 2.96129
3.6 2.98638
3.61 3.01199
3.62 3.03811
3.63 3.06477
3.64 3.09196
3.65 3.11965
3.66 3.14785
3.67 3.17653
3.68 3.20568
3.69 3.23529
3.7 3.26534
3.71 3.29583
3.72 3.32674
3.73 3.35806
3.74 3.38977
3.75 3.42185
3.76 3.45431
3.77 3.48712
3.78 3.52026
3.79 3.55374
3.8 3.58753
3.81 3.62162
3.82 3.656
3.83 3.69065
3.84 3.72556
3.85 3.76072
3.86 3.79612
3.87 3.83174
3.88 3.86756
3.89 3.90358
3.9 3.93979
3.91 3.97616
3.92 4.01269
3.93 4.04936
3.94 4.08616
3.95 4.12307
3.96 4.16009
3.97 4.1972
3.98 4.23438
3.99 4.27163
4 4.30892
4.01 4.34626
4.02 4.38361
4.03 4.42098
4.04 4.45835
4.05 4.4957
4.06 4.53302
4.07 4.5703
4.08 4.60752
4.09 4.64467
4.1 4.68174
4.11 4.71872
4.12 4.75559
4.13 4.79233
4.14 4.82895
4.15 4.86541
4.16 4.90171
4.17 4.93784
4.18 4.97378
4.19 5.00953
4.2 5.04505
4.21 5.08035
4.22 5.11541
4.23 5.15022
4.24 5.18476
4.25 5.21902
4.26 5.25299
4.27 5.28665
4.28 5.31999
4.29 5.353
4.3 5.38566
4.31 5.41796
4.32 5.44989
4.33 5.48144
4.34 5.51259
4.35 5.54332
4.36 5.57364
4.37 5.60351
4.38 5.63293
4.39 5.66189
4.4 5.69037
4.41 5.71835
4.42 5.74584
4.43 5.77281
4.44 5.79924
4.45 5.82514
4.46 5.85047
4.47 5.87524
4.48 5.89942
4.49 5.92301
4.5 5.94598
4.51 5.96834
4.52 5.99005
4.53 6.01112
4.54 6.03155
4.55 6.05134
4.56 6.07051
4.57 6.08905
4.58 6.10697
4.59 6.12429
4.6 6.14101
4.61 6.15713
4.62 6.17267
4.63 6.18763
4.64 6.20202
4.65 6.21584
4.66 6.22911
4.67 6.24182
4.68 6.25399
4.69 6.26562
4.7 6.27673
4.71 6.28731
4.72 6.29738
4.73 6.30693
4.74 6.31599
4.75 6.32456
4.76 6.33263
4.77 6.34023
4.78 6.34736
4.79 6.35402
4.8 6.36022
4.81 6.36597
4.82 6.37128
4.83 6.37615
4.84 6.38059
4.85 6.38461
4.86 6.38821
4.87 6.3914
4.88 6.39419
4.89 6.39659
4.9 6.3986
4.91 6.40024
4.92 6.40149
4.93 6.40239
4.94 6.40292
4.95 6.4031
4.96 6.40294
4.97 6.40244
4.98 6.40162
4.99 6.40046
5 6.399
5.01 6.39722
5.02 6.39514
5.03 6.39277
5.04 6.39011
5.05 6.38717
5.06 6.38396
5.07 6.38048
5.08 6.37674
5.09 6.37275
5.1 6.36852
5.11 6.36404
5.12 6.35934
5.13 6.35441
5.14 6.34927
5.15 6.34392
5.16 6.33837
5.17 6.33262
5.18 6.32668
5.19 6.32057
5.2 6.31428
5.21 6.30782
5.22 6.3012
5.23 6.29444
5.24 6.28752
5.25 6.28047
5.26 6.27329
5.27 6.26598
5.28 6.25856
5.29 6.25103
5.3 6.2434
5.31 6.23567
5.32 6.22785
5.33 6.21995
5.34 6.21198
5.35 6.20394
5.36 6.19584
5.37 6.18769
5.38 6.17949
5.39 6.17126
5.4 6.16299
5.41 6.1547
5.42 6.14639
5.43 6.13807
5.44 6.12975
5.45 6.12144
5.46 6.11313
5.47 6.10485
5.48 6.09659
5.49 6.08836
5.5 6.08017
5.51 6.07203
5.52 6.06395
5.53 6.05592
5.54 6.04797
5.55 6.04009
5.56 6.03229
5.57 6.02458
5.58 6.01697
5.59 6.00946
5.6 6.00207
5.61 5.99479
5.62 5.98764
5.63 5.98062
5.64 5.97374
5.65 5.967
5.66 5.96042
5.67 5.954
5.68 5.94775
5.69 5.94168
5.7 5.93578
5.71 5.93008
5.72 5.92457
5.73 5.91927
5.74 5.91418
5.75 5.9093
5.76 5.90465
5.77 5.90023
5.78 5.89605
5.79 5.89212
5.8 5.88844
5.81 5.88502
5.82 5.88187
5.83 5.879
5.84 5.8764
5.85 5.8741
5.86 5.87209
5.87 5.87038
5.88 5.86898
5.89 5.86787
5.9 5.86705
5.91 5.86653
5.92 5.8663
5.93 5.86635
5.94 5.86668
5.95 5.8673
5.96 5.86819
5.97 5.86935
5.98 5.87079
5.99 5.87249
6 5.87446
6.01 5.87669
6.02 5.87918
6.03 5.88193
6.04 5.88492
6.05 5.88817
6.06 5.89167
6.07 5.89541
6.08 5.89939
6.09 5.9036
6.1 5.90806
6.11 5.91274
6.12 5.91766
6.13 5.9228
6.14 5.92816
6.15 5.93374
6.16 5.93955
6.17 5.94556
6.18 5.95179
6.19 5.95822
6.2 5.96486
6.21 5.9717
6.22 5.97875
6.23 5.98598
6.24 5.99342
6.25 6.00104
6.26 6.00885
6.27 6.01684
6.28 6.02502
6.29 6.03337
6.3 6.0419
6.31 6.0506
6.32 6.05947
6.33 6.06851
6.34 6.07771
6.35 6.08707
6.36 6.09659
6.37 6.10627
6.38 6.11609
6.39 6.12607
6.4 6.13619
6.41 6.14645
6.42 6.15686
6.43 6.1674
6.44 6.17807
6.45 6.18887
6.46 6.19981
6.47 6.21086
6.48 6.22204
6.49 6.23334
6.5 6.24475
6.51 6.25628
6.52 6.26792
6.53 6.27966
6.54 6.29151
6.55 6.30346
6.56 6.31551
6.57 6.32765
6.58 6.33988
6.59 6.35221
6.6 6.36462
6.61 6.37711
6.62 6.38968
6.63 6.40233
6.64 6.41506
6.65 6.42786
6.66 6.44072
6.67 6.45365
6.68 6.46664
6.69 6.47969
6.7 6.4928
6.71 6.50596
6.72 6.51917
6.73 6.53243
6.74 6.54574
6.75 6.55908
6.76 6.57246
6.77 6.58588
6.78 6.59933
6.79 6.61282
6.8 6.62632
6.81 6.63986
6.82 6.65341
6.83 6.66698
6.84 6.68056
6.85 6.69416
6.86 6.70776
6.87 6.72137
6.88 6.73499
6.89 6.7486
6.9 6.76221
6.91 6.77581
6.92 6.78941
6.93 6.80299
6.94 6.81656
6.95 6.83011
6.96 6.84364
6.97 6.85714
6.98 6.87062
6.99 6.88407
7 6.89748
7.01 6.91086
7.02 6.9242
7.03 6.9375
7.04 6.95075
7.05 6.96396
7.06 6.97711
7.07 6.99021
7.08 7.00326
7.09 7.01624
7.1 7.02916
7.11 7.04202
7.12 7.0548
7.13 7.06752
7.14 7.08016
7.15 7.09272
7.16 7.10521
7.17 7.1176
7.18 7.12992
7.19 7.14214
7.2 7.15427
7.21 7.1663
7.22 7.17824
7.23 7.19008
7.24 7.20181
7.25 7.21343
7.26 7.22494
7.27 7.23634
7.28 7.24762
7.29 7.25879
7.3 7.26983
7.31 7.28075
7.32 7.29153
7.33 7.30219
7.34 7.31271
7.35 7.32311
7.36 7.33337
7.37 7.34351
7.38 7.35353
7.39 7.36343
7.4 7.37322
7.41 7.38289
7.42 7.39245
7.43 7.40191
7.44 7.41125
7.45 7.4205
7.46 7.42965
7.47 7.43871
7.48 7.44767
7.49 7.45654
7.5 7.46532
7.51 7.47402
7.52 7.48264
7.53 7.49118
7.54 7.49964
7.55 7.50803
7.56 7.51635
7.57 7.52461
7.58 7.5328
7.59 7.54093
7.6 7.549
7.61 7.55702
7.62 7.56498
7.63 7.57289
7.64 7.58076
7.65 7.58858
7.66 7.59637
7.67 7.60411
7.68 7.61182
7.69 7.6195
7.7 7.62715
7.71 7.63477
7.72 7.64237
7.73 7.64994
7.74 7.6575
7.75 7.66505
7.76 7.67258
7.77 7.6801
7.78 7.68762
7.79 7.69513
7.8 7.70265
7.81 7.71016
7.82 7.71768
7.83 7.72521
7.84 7.73275
7.85 7.74031
7.86 7.74788
7.87 7.75547
7.88 7.76308
7.89 7.77072
7.9 7.77839
7.91 7.78609
7.92 7.79382
7.93 7.80159
7.94 7.8094
7.95 7.81725
7.96 7.82515
7.97 7.8331
7.98 7.8411
7.99 7.84915
8 7.85726
8.01 7.86543
8.02 7.87367
8.03 7.88197
8.04 7.89034
8.05 7.89878
8.06 7.90729
8.07 7.91588
8.08 7.92456
8.09 7.93331
8.1 7.94216
8.11 7.95109
8.12 7.96011
8.13 7.96923
8.14 7.97844
8.15 7.98776
8.16 7.99718
8.17 8.00671
8.18 8.01634
8.19 8.02609
8.2 8.03596
8.21 8.04594
8.22 8.05604
8.23 8.06626
8.24 8.07662
8.25 8.0871
8.26 8.09771
8.27 8.10846
8.28 8.11935
8.29 8.13038
8.3 8.14155
8.31 8.15287
8.32 8.16434
8.33 8.17596
8.34 8.18774
8.35 8.19967
8.36 8.21177
8.37 8.22403
8.38 8.23646
8.39 8.24906
8.4 8.26183
8.41 8.27478
8.42 8.2879
8.43 8.30121
8.44 8.3147
8.45 8.32838
8.46 8.34225
8.47 8.35631
8.48 8.37057
8.49 8.38502
8.5 8.39968
8.51 8.41454
8.52 8.4296
8.53 8.44485
8.54 8.4603
8.55 8.47594
8.56 8.49176
8.57 8.50777
8.58 8.52396
8.59 8.54033
8.6 8.55688
8.61 8.57359
8.62 8.59048
8.63 8.60754
8.64 8.62476
8.65 8.64214
8.66 8.65968
8.67 8.67737
8.68 8.69522
8.69 8.71322
8.7 8.73137
8.71 8.74966
8.72 8.76809
8.73 8.78666
8.74 8.80537
8.75 8.82421
8.76 8.84318
8.77 8.86228
8.78 8.8815
8.79 8.90085
8.8 8.92031
8.81 8.93989
8.82 8.95958
8.83 8.97938
8.84 8.99929
8.85 9.0193
8.86 9.03942
8.87 9.05963
8.88 9.07994
8.89 9.10035
8.9 9.12084
8.91 9.14142
8.92 9.16208
8.93 9.18283
8.94 9.20366
8.95 9.22456
8.96 9.24553
8.97 9.26658
8.98 9.28769
8.99 9.30887
9 9.33011
9.01 9.3514
9.02 9.37276
9.03 9.39416
9.04 9.41562
9.05 9.43712
9.06 9.45867
9.07 9.48026
9.08 9.50189
9.09 9.52356
9.1 9.54526
9.11 9.56698
9.12 9.58874
9.13 9.61052
9.14 9.63232
9.15 9.65414
9.16 9.67598
9.17 9.69783
9.18 9.71969
9.19 9.74156
9.2 9.76343
