#m=0,S=5
0 0.15
0.1 0.7
0.27 -0.1
0.3 0.15
#m=1,S=0
0 0.15
0.003 0.178463
0.006 0.206683
0.009 0.234613
0.012 0.262204
0.015 0.28941
0.018 0.316182
0.021 0.342474
0.024 0.368236
0.027 0.393423
0.03 0.417986
0.033 0.441878
0.036 0.465051
0.039 0.487458
0.042 0.50905
0.045 0.529781
0.048 0.549603
0.051 0.568468
0.054 0.586329
0.057 0.603138
0.06 0.618847
0.063 0.633409
0.066 0.646777
0.069 0.658902
0.072 0.669737
0.075 0.679235
0.078 0.687348
0.081 0.694029
0.084 0.699229
0.087 0.702901
0.09 0.704998
0.093 0.705472
0.096 0.704276
0.099 0.701362
0.102 0.696687
0.105 0.690283
0.108 0.682225
0.111 0.672587
0.114 0.661448
0.117 0.648882
0.12 0.634965
0.123 0.619775
0.126 0.603387
0.129 0.585877
0.132 0.567321
0.135 0.547796
0.138 0.527377
0.141 0.506141
0.144 0.484164
0.147 0.461522
0.15 0.43829
0.153 0.414546
0.156 0.390366
0.159 0.365824
0.162 0.340999
0.165 0.315964
0.168 0.290798
0.171 0.265576
0.174 0.240373
0.177 0.215267
0.18 0.190333
0.183 0.165648
0.186 0.141287
0.189 0.117326
0.192 0.0938429
0.195 0.0709122
0.198 0.0486106
0.201 0.0270141
0.204 0.00619895
0.207 -0.0137588
0.21 -0.0327831
0.213 -0.0507978
0.216 -0.0677266
0.219 -0.0834936
0.222 -0.0980226
0.225 -0.111237
0.228 -0.123062
0.231 -0.13342
0.234 -0.142236
0.237 -0.149433
0.24 -0.154935
0.243 -0.158667
0.246 -0.160551
0.249 -0.160512
0.252 -0.158475
0.255 -0.154361
0.258 -0.148096
0.261 -0.139604
0.264 -0.128808
0.267 -0.115632
0.27 -0.1
0.273 -0.0818941
0.276 -0.0615288
0.279 -0.0391769
0.282 -0.0151111
0.285 0.0103957
0.288 0.0370709
0.291 0.0646417
0.294 0.0928353
0.297 0.121379
0.3 0.15
