7.99 0
8.09 2.76429e-05
8.19 0.0437498
8.7 0.169183
9.2 0.469428
10 0.94374
12 0.998636
15 0.999919
20 0.999994


7.99 0 0 0
8.1101 0.00610446 0.00744955 0.00331374
8.2302 0.0614194 0.0555643 0.0585695
8.3503 0.0977872 0.077852 0.0890428
8.4704 0.119747 0.0939162 0.109376
8.5905 0.140403 0.120807 0.133115
8.7106 0.172856 0.175411 0.173766
8.8307 0.226073 0.246775 0.235226
8.9508 0.296298 0.319125 0.309035
9.0709 0.377336 0.391778 0.387772
9.191 0.462995 0.464047 0.464021
9.3111 0.54776 0.537332 0.542831
9.4312 0.629514 0.612947 0.632609
9.5513 0.707207 0.688966 0.724776
9.6714 0.779786 0.76345 0.810671
9.7915 0.846198 0.834458 0.881632
9.9116 0.905394 0.900051 0.928998
10.0317 0.956324 0.958173 0.945466
10.1518 0.998494 1.0054 0.951748
10.2719 1.03243 1.04165 0.957624
10.392 1.05878 1.06799 0.963098
10.5121 1.07819 1.08551 0.96817
10.6322 1.0913 1.09528 0.972843
10.7523 1.09875 1.09837 0.97712
10.8724 1.10119 1.09586 0.981003
10.9925 1.09925 1.08883 0.984493
11.1126 1.09359 1.07836 0.987594
11.2327 1.08484 1.06552 0.990307
11.3528 1.07366 1.05138 0.992634
11.4729 1.06067 1.03704 0.994578
11.593 1.04654 1.02355 0.996142
11.7131 1.03189 1.012 0.997326
11.8332 1.01737 1.00347 0.998134
11.9533 1.00363 0.999027 0.998568
12.0734 0.991283 0.998669 0.998698
12.1935 0.980549 0.998727 0.998796
12.3136 0.971356 0.998787 0.998889
12.4337 0.963625 0.99885 0.998979
12.5538 0.957277 0.998914 0.999063
12.6739 0.952232 0.99898 0.999144
12.794 0.94841 0.999047 0.999221
12.9141 0.945733 0.999114 0.999293
13.0342 0.944121 0.999182 0.999361
13.1543 0.943493 0.999249 0.999425
13.2744 0.943772 0.999316 0.999485
13.3945 0.944877 0.999381 0.999541
13.5146 0.946729 0.999445 0.999593
13.6347 0.949248 0.999507 0.999641
13.7548 0.952355 0.999566 0.999685
13.8749 0.955971 0.999622 0.999725
13.995 0.960016 0.999674 0.999762
14.1151 0.964411 0.999723 0.999794
14.2352 0.969075 0.999767 0.999823
14.3553 0.973931 0.999807 0.999848
14.4754 0.978897 0.999841 0.999869
14.5955 0.983896 0.99987 0.999887
14.7156 0.988847 0.999893 0.9999
14.8357 0.99367 0.999909 0.999911
14.9558 0.998288 0.999918 0.999917
15.0759 1.00262 0.999921 0.999921
15.196 1.00665 0.999925 0.999925
15.3161 1.01037 0.999929 0.999928
15.4362 1.0138 0.999935 0.999931
15.5563 1.01694 0.999941 0.999934
15.6764 1.01979 0.999949 0.999937
15.7965 1.02238 0.999956 0.999939
15.9166 1.0247 0.999965 0.999942
16.0367 1.02677 0.999974 0.999944
16.1568 1.02858 0.999983 0.999947
16.2769 1.03015 0.999993 0.999949
16.397 1.03149 1 0.999951
16.5171 1.0326 1.00001 0.999953
16.6372 1.03349 1.00002 0.999955
16.7573 1.03417 1.00003 0.999956
16.8774 1.03464 1.00004 0.999958
16.9975 1.03492 1.00005 0.99996
17.1176 1.035 1.00006 0.999961
17.2377 1.03491 1.00007 0.999963
17.3578 1.03464 1.00008 0.999964
17.4779 1.03421 1.00009 0.999966
17.598 1.03361 1.0001 0.999967
17.7181 1.03287 1.0001 0.999968
17.8382 1.03198 1.00011 0.99997
17.9583 1.03095 1.00011 0.999971
18.0784 1.0298 1.00012 0.999972
18.1985 1.02852 1.00012 0.999973
18.3186 1.02713 1.00012 0.999974
18.4387 1.02563 1.00013 0.999976
18.5588 1.02404 1.00012 0.999977
18.6789 1.02236 1.00012 0.999978
18.799 1.02059 1.00012 0.999979
18.9191 1.01875 1.00012 0.999981
19.0392 1.01683 1.00011 0.999982
19.1593 1.01486 1.0001 0.999983
19.2794 1.01284 1.00009 0.999985
19.3995 1.01076 1.00008 0.999986
19.5196 1.00866 1.00007 0.999987
19.6397 1.00652 1.00005 0.999989
19.7598 1.00436 1.00004 0.999991
19.8799 1.00218 1.00002 0.999992
20 0.999994 0.999994 0.999994
