10.000000 1.000000e+00 1.071759e+00 1.022422e+00
10.010000 1.040800e+00 1.087053e+00 1.047957e+00
10.020000 1.083195e+00 1.108985e+00 1.079306e+00
10.030000 1.127172e+00 1.136995e+00 1.115907e+00
10.040000 1.172711e+00 1.170533e+00 1.157219e+00
10.050000 1.219779e+00 1.209066e+00 1.202718e+00
10.060000 1.268332e+00 1.252073e+00 1.251899e+00
10.070000 1.318317e+00 1.299049e+00 1.304274e+00
10.080000 1.369666e+00 1.349504e+00 1.359377e+00
10.090000 1.422299e+00 1.402961e+00 1.416756e+00
10.100000 1.476122e+00 1.458960e+00 1.475979e+00
10.110000 1.531028e+00 1.517055e+00 1.536633e+00
10.120000 1.586895e+00 1.576818e+00 1.598321e+00
10.130000 1.643586e+00 1.637833e+00 1.660664e+00
10.140000 1.700949e+00 1.699702e+00 1.723301e+00
10.150000 1.758819e+00 1.762043e+00 1.785889e+00
10.160000 1.817016e+00 1.824489e+00 1.848102e+00
10.170000 1.875346e+00 1.886690e+00 1.909629e+00
10.180000 1.933602e+00 1.948311e+00 1.970180e+00
10.190000 1.991566e+00 2.009034e+00 2.029478e+00
10.200000 2.049009e+00 2.068559e+00 2.087265e+00
10.210000 2.105690e+00 2.126600e+00 2.143298e+00
10.220000 2.161363e+00 2.182888e+00 2.197352e+00
10.230000 2.215774e+00 2.237172e+00 2.249216e+00
10.240000 2.268665e+00 2.289216e+00 2.298695e+00
10.250000 2.319777e+00 2.338801e+00 2.345612e+00
10.260000 2.368849e+00 2.385724e+00 2.389803e+00
10.270000 2.415624e+00 2.429801e+00 2.431120e+00
10.280000 2.459850e+00 2.470860e+00 2.469431e+00
10.290000 2.501281e+00 2.508749e+00 2.504616e+00
10.300000 2.539683e+00 2.543331e+00 2.536572e+00
10.310000 2.574831e+00 2.574485e+00 2.565209e+00
10.320000 2.606520e+00 2.602106e+00 2.590452e+00
10.330000 2.634557e+00 2.626107e+00 2.612238e+00
10.340000 2.658773e+00 2.646412e+00 2.630520e+00
10.350000 2.679016e+00 2.662966e+00 2.645260e+00
10.360000 2.695162e+00 2.675727e+00 2.656437e+00
10.370000 2.707108e+00 2.684666e+00 2.664041e+00
10.380000 2.714778e+00 2.689773e+00 2.668073e+00
10.390000 2.718123e+00 2.691049e+00 2.668546e+00
10.400000 2.717123e+00 2.688513e+00 2.665487e+00
10.410000 2.711783e+00 2.682195e+00 2.658932e+00
10.420000 2.702138e+00 2.672141e+00 2.648928e+00
10.430000 2.688248e+00 2.658408e+00 2.635533e+00
10.440000 2.670203e+00 2.641068e+00 2.618815e+00
10.450000 2.648114e+00 2.620205e+00 2.598852e+00
10.460000 2.622120e+00 2.595915e+00 2.575730e+00
10.470000 2.592380e+00 2.568306e+00 2.549546e+00
10.480000 2.559074e+00 2.537498e+00 2.520404e+00
10.490000 2.522402e+00 2.503620e+00 2.488416e+00
10.500000 2.482578e+00 2.466813e+00 2.453704e+00
10.510000 2.439831e+00 2.427227e+00 2.416394e+00
10.520000 2.394401e+00 2.385022e+00 2.376621e+00
10.530000 2.346537e+00 2.340364e+00 2.334526e+00
10.540000 2.296494e+00 2.293430e+00 2.290256e+00
10.550000 2.244531e+00 2.244402e+00 2.243963e+00
10.560000 2.190908e+00 2.193470e+00 2.195804e+00
10.570000 2.135884e+00 2.140828e+00 2.145940e+00
10.580000 2.079716e+00 2.086678e+00 2.094538e+00
10.590000 2.022655e+00 2.031223e+00 2.041766e+00
10.600000 1.964943e+00 1.974671e+00 1.987796e+00
10.610000 1.906816e+00 1.917232e+00 1.932803e+00
10.620000 1.848500e+00 1.859119e+00 1.876961e+00
10.630000 1.790206e+00 1.800544e+00 1.820450e+00
10.640000 1.732136e+00 1.741719e+00 1.763447e+00
10.650000 1.674478e+00 1.682857e+00 1.706129e+00
10.660000 1.617404e+00 1.624167e+00 1.648675e+00
10.670000 1.561075e+00 1.565853e+00 1.591262e+00
10.680000 1.505634e+00 1.508117e+00 1.534063e+00
10.690000 1.451212e+00 1.451155e+00 1.477252e+00
10.700000 1.397924e+00 1.395157e+00 1.420998e+00
10.710000 1.345871e+00 1.340303e+00 1.365467e+00
10.720000 1.295141e+00 1.286765e+00 1.310821e+00
10.730000 1.245807e+00 1.234705e+00 1.257216e+00
10.740000 1.197931e+00 1.184273e+00 1.204802e+00
10.750000 1.151563e+00 1.135603e+00 1.153726e+00
10.760000 1.106739e+00 1.088819e+00 1.104123e+00
10.770000 1.063488e+00 1.044026e+00 1.056124e+00
10.780000 1.021826e+00 1.001312e+00 1.009850e+00
10.790000 9.817621e-01 9.607454e-01 9.654122e-01
10.800000 9.432970e-01 9.223743e-01 9.229125e-01
10.810000 9.064235e-01 8.862247e-01 8.824416e-01
10.820000 8.711284e-01 8.522976e-01 8.440786e-01
10.830000 8.373925e-01 8.205691e-01 8.078901e-01
10.840000 8.051915e-01 7.909870e-01 7.739295e-01
10.850000 7.744973e-01 7.634700e-01 7.422359e-01
10.860000 7.452777e-01 7.379054e-01 7.128334e-01
10.870000 7.174980e-01 7.141470e-01 6.857305e-01
10.880000 6.911206e-01 6.920138e-01 6.609187e-01
10.890000 6.661065e-01 6.712872e-01 6.383720e-01
10.900000 6.424152e-01 6.517092e-01 6.180458e-01
10.910000 6.200053e-01 6.329805e-01 5.998760e-01
10.920000 5.988349e-01 6.147581e-01 5.837783e-01
10.930000 5.788621e-01 5.966529e-01 5.696469e-01
10.940000 5.600450e-01 5.782278e-01 5.573536e-01
10.950000 5.423423e-01 5.589948e-01 5.467471e-01
10.960000 5.257136e-01 5.384135e-01 5.376516e-01
10.970000 5.101192e-01 5.158873e-01 5.298662e-01
10.980000 4.955206e-01 4.907620e-01 5.231634e-01
10.990000 4.818809e-01 4.623230e-01 5.172886e-01
11.000000 4.691642e-01 4.297922e-01 5.119584e-01
