10.000000 1.000000e+00 1.056806e+00 -1.734691e+00
10.010000 1.040800e+00 1.077147e+00 -9.909605e-01
10.020000 1.083195e+00 1.103267e+00 -3.337421e-01
10.030000 1.127172e+00 1.134692e+00 2.431892e-01
10.040000 1.172711e+00 1.170953e+00 7.458143e-01
10.050000 1.219779e+00 1.211593e+00 1.179872e+00
10.060000 1.268332e+00 1.256163e+00 1.550860e+00
10.070000 1.318317e+00 1.304227e+00 1.864043e+00
10.080000 1.369666e+00 1.355354e+00 2.124450e+00
10.090000 1.422299e+00 1.409130e+00 2.336879e+00
10.100000 1.476122e+00 1.465146e+00 2.505903e+00
10.110000 1.531028e+00 1.523009e+00 2.635869e+00
10.120000 1.586895e+00 1.582334e+00 2.730905e+00
10.130000 1.643586e+00 1.642750e+00 2.794922e+00
10.140000 1.700949e+00 1.703897e+00 2.831616e+00
10.150000 1.758819e+00 1.765428e+00 2.844473e+00
10.160000 1.817016e+00 1.827007e+00 2.836774e+00
10.170000 1.875346e+00 1.888313e+00 2.811598e+00
10.180000 1.933602e+00 1.949036e+00 2.771821e+00
10.190000 1.991566e+00 2.008881e+00 2.720130e+00
10.200000 2.049009e+00 2.067565e+00 2.659016e+00
10.210000 2.105690e+00 2.124819e+00 2.590786e+00
10.220000 2.161363e+00 2.180389e+00 2.517565e+00
10.230000 2.215774e+00 2.234033e+00 2.441297e+00
10.240000 2.268665e+00 2.285524e+00 2.363756e+00
10.250000 2.319777e+00 2.334650e+00 2.286542e+00
10.260000 2.368849e+00 2.381213e+00 2.211095e+00
10.270000 2.415624e+00 2.425028e+00 2.138690e+00
10.280000 2.459850e+00 2.465928e+00 2.070450e+00
10.290000 2.501281e+00 2.503757e+00 2.007346e+00
10.300000 2.539683e+00 2.538375e+00 1.950204e+00
10.310000 2.574831e+00 2.569659e+00 1.899708e+00
10.320000 2.606520e+00 2.597497e+00 1.856408e+00
10.330000 2.634557e+00 2.621795e+00 1.820723e+00
10.340000 2.658773e+00 2.642472e+00 1.792945e+00
10.350000 2.679016e+00 2.659463e+00 1.773251e+00
10.360000 2.695162e+00 2.672716e+00 1.761698e+00
10.370000 2.707108e+00 2.682195e+00 1.758239e+00
10.380000 2.714778e+00 2.687879e+00 1.762723e+00
10.390000 2.718123e+00 2.689760e+00 1.774900e+00
10.400000 2.717123e+00 2.687844e+00 1.794431e+00
10.410000 2.711783e+00 2.682154e+00 1.820892e+00
10.420000 2.702138e+00 2.672722e+00 1.853777e+00
10.430000 2.688248e+00 2.659599e+00 1.892511e+00
10.440000 2.670203e+00 2.642845e+00 1.936449e+00
10.450000 2.648114e+00 2.622536e+00 1.984888e+00
10.460000 2.622120e+00 2.598759e+00 2.037071e+00
10.470000 2.592380e+00 2.571614e+00 2.092194e+00
10.480000 2.559074e+00 2.541213e+00 2.149411e+00
10.490000 2.522402e+00 2.507680e+00 2.207844e+00
10.500000 2.482578e+00 2.471149e+00 2.266589e+00
10.510000 2.439831e+00 2.431766e+00 2.324721e+00
10.520000 2.394401e+00 2.389687e+00 2.381303e+00
10.530000 2.346537e+00 2.345078e+00 2.435393e+00
10.540000 2.296494e+00 2.298111e+00 2.486051e+00
10.550000 2.244531e+00 2.248970e+00 2.532347e+00
10.560000 2.190908e+00 2.197846e+00 2.573367e+00
10.570000 2.135884e+00 2.144936e+00 2.608224e+00
10.580000 2.079716e+00 2.090443e+00 2.636063e+00
10.590000 2.022655e+00 2.034576e+00 2.656067e+00
10.600000 1.964943e+00 1.977549e+00 2.667471e+00
10.610000 1.906816e+00 1.919580e+00 2.669566e+00
10.620000 1.848500e+00 1.860888e+00 2.661706e+00
10.630000 1.790206e+00 1.801696e+00 2.643320e+00
10.640000 1.732136e+00 1.742226e+00 2.613918e+00
10.650000 1.674478e+00 1.682700e+00 2.573103e+00
10.660000 1.617404e+00 1.623339e+00 2.520572e+00
10.670000 1.561075e+00 1.564362e+00 2.456134e+00
10.680000 1.505634e+00 1.505983e+00 2.379714e+00
10.690000 1.451212e+00 1.448410e+00 2.291362e+00
10.700000 1.397924e+00 1.391846e+00 2.191263e+00
10.710000 1.345871e+00 1.336486e+00 2.079747e+00
10.720000 1.295141e+00 1.282515e+00 1.957296e+00
10.730000 1.245807e+00 1.230106e+00 1.824558e+00
10.740000 1.197931e+00 1.179420e+00 1.682352e+00
10.750000 1.151563e+00 1.130606e+00 1.531680e+00
10.760000 1.106739e+00 1.083794e+00 1.373735e+00
10.770000 1.063488e+00 1.039097e+00 1.209914e+00
10.780000 1.021826e+00 9.966079e-01 1.041827e+00
10.790000 9.817621e-01 9.563995e-01 8.713060e-01
10.800000 9.432970e-01 9.185196e-01 7.004152e-01
10.810000 9.064235e-01 8.829907e-01 5.314637e-01
10.820000 8.711284e-01 8.498070e-01 3.670143e-01
10.830000 8.373925e-01 8.189329e-01 2.098949e-01
10.840000 8.051915e-01 7.903002e-01 6.320899e-02
10.850000 7.744973e-01 7.638056e-01 -6.965309e-02
10.860000 7.452777e-01 7.393086e-01 -1.850032e-01
10.870000 7.174980e-01 7.166287e-01 -2.788440e-01
10.880000 6.911206e-01 6.955426e-01 -3.468581e-01
10.890000 6.661065e-01 6.757818e-01 -3.843957e-01
10.900000 6.424152e-01 6.570294e-01 -3.864640e-01
10.910000 6.200053e-01 6.389174e-01 -3.477147e-01
10.920000 5.988349e-01 6.210235e-01 -2.624324e-01
10.930000 5.788621e-01 6.028682e-01 -1.245230e-01
10.940000 5.600450e-01 5.839114e-01 7.249908e-02
10.950000 5.423423e-01 5.635490e-01 3.355228e-01
10.960000 5.257136e-01 5.411096e-01 6.718527e-01
10.970000 5.101192e-01 5.158511e-01 1.089222e+00
10.980000 4.955206e-01 4.869568e-01 1.595804e+00
10.990000 4.818809e-01 4.535317e-01 2.200226e+00
11.000000 4.691642e-01 4.145987e-01 2.911583e+00
