0 1.013392 1.025455 0.870277 1.167125
1 0.991111 1.002191 0.757487 1.167125
2 1.167125 0.994447 0.757487 1.167125
3 1.072654 0.992415 0.757487 1.167125
4 1.098489 0.998740 0.757487 1.167125
5 0.870277 0.996645 0.757487 1.167125
6 0.757487 0.982774 0.757487 1.167125
7 0.928206 0.976478 0.757487 1.167125
8 0.991042 0.961726 0.757487 1.098489
9 1.082967 0.961273 0.757487 1.098489
10 0.990350 0.945725 0.757487 1.082967
11 0.860806 0.949887 0.757487 1.082967
12 0.921854 0.969931 0.860806 1.082967
13 1.004857 0.968052 0.860806 1.082967
14 1.067669 0.958763 0.860806 1.082967
15 0.927462 0.953932 0.860806 1.067669
16 0.916052 0.948321 0.860806 1.067669
17 0.977977 0.954891 0.888855 1.067669
18 0.907542 0.949889 0.866834 1.067669
19 0.888855 0.940037 0.866834 1.067669
20 1.029833 0.930024 0.866834 1.029833
21 0.928623 0.932234 0.866834 1.029833
22 0.933078 0.927858 0.866834 1.029833
23 0.866834 0.922979 0.866834 1.029833
24 0.896484 0.938828 0.866834 1.081885
25 0.957518 0.940671 0.866834 1.081885
26 0.951773 0.928778 0.866834 1.081885
27 0.867918 0.926759 0.866834 1.081885
28 0.924311 0.902015 0.660901 1.081885
29 1.081885 0.911199 0.660901 1.081885
30 0.909129 0.911629 0.660901 1.081885
31 0.899007 0.904290 0.660901 1.081885
32 0.906410 0.905523 0.660901 1.081885
33 0.660901 0.921700 0.660901 1.081885
34 0.967848 0.914314 0.660901 1.081885
35 0.901216 0.906377 0.660901 1.045863
36 0.876788 0.919138 0.660901 1.049495
37 0.965342 0.909300 0.660901 1.049495
38 1.045863 0.899130 0.660901 1.049495
39 0.843064 0.935236 0.790789 1.058064
40 0.994584 0.915798 0.754027 1.058064
41 1.049495 0.925786 0.754027 1.058064
42 0.790789 0.934160 0.754027 1.058064
43 0.794545 0.917856 0.754027 1.058064
44 1.058064 0.894224 0.754027 1.058064
45 0.754027 0.902525 0.754027 1.058064
46 1.011083 0.882488 0.754027 1.058064
47 0.968905 0.858839 0.754027 1.058064
48 0.785996 0.865693 0.754027 1.058064
49 0.785908 0.869140 0.754027 1.058064
50 0.934374 0.843780 0.754027 1.011083
51 0.774182 0.856865 0.774182 1.011083
52 0.789357 0.833643 0.755636 0.968905
53 0.866187 0.820204 0.755636 0.934374
54 0.832458 0.801479 0.580022 0.934374
55 0.779098 0.794145 0.580022 0.934374
56 0.897972 0.777744 0.580022 0.897972
57 0.755636 0.771325 0.580022 0.897972
58 0.821078 0.758525 0.580022 0.897972
59 0.580022 0.730291 0.555610 0.897972
60 0.705231 0.732450 0.555610 0.897972
61 0.753958 0.726817 0.555610 0.897972
62 0.703576 0.719593 0.555610 0.856202
63 0.648563 0.716829 0.555610 0.856202
64 0.555610 0.695659 0.555610 0.856202
65 0.856202 0.712848 0.555610 0.856202
66 0.717144 0.698226 0.544393 0.856202
67 0.818508 0.692889 0.544393 0.856202
68 0.725233 0.676890 0.527579 0.856202
69 0.588200 0.671508 0.527579 0.856202
70 0.769099 0.688035 0.527579 0.856202
71 0.544393 0.666321 0.527579 0.818508
72 0.695256 0.683045 0.527579 0.901112
73 0.527579 0.675632 0.527579 0.901112
74 0.589362 0.675341 0.527579 0.901112
75 0.737405 0.676647 0.527579 0.901112
76 0.617349 0.644925 0.420158 0.901112
77 0.901112 0.645197 0.420158 0.901112
78 0.736969 0.631913 0.420158 0.901112
79 0.722022 0.607408 0.258027 0.901112
80 0.602574 0.592044 0.258027 0.901112
81 0.420158 0.548146 0.254524 0.901112
82 0.547377 0.524700 0.254524 0.901112
83 0.549131 0.479341 0.254524 0.736969
84 0.258027 0.444649 0.254524 0.722022
85 0.420364 0.419394 0.254524 0.602574
86 0.254524 0.398695 0.254524 0.549131
87 0.359446 0.381949 0.235951 0.549131
88 0.402156 0.359174 0.235951 0.549131
89 0.355360 0.343811 0.235951 0.444218
90 0.444218 0.364327 0.235951 0.483698
91 0.374884 0.375581 0.235951 0.544155
92 0.235951 0.384793 0.235951 0.544155
93 0.296859 0.384020 0.235951 0.544155
94 0.380136 0.388258 0.235951 0.544155
95 0.483698 0.389237 0.235951 0.544155
96 0.544155 0.371576 0.235951 0.544155
97 0.355863 0.367619 0.235951 0.544155
98 0.350941 0.389322 0.249951 0.544155
99 0.448774 0.405590 0.249951 0.544155
100 0.366123 0.390267 0.211582 0.544155
101 0.249951 0.361028 0.162070 0.544155
102 0.331355 0.320305 0.096198 0.475812
103 0.474684 0.294603 0.073141 0.475812
104 0.475812 0.277378 0.073141 0.475812
105 0.211582 0.267081 0.073141 0.475812
106 0.162070 0.237602 0.041856 0.475812
107 0.096198 0.220135 0.041856 0.475812
108 0.073141 0.202362 0.041856 0.475812
109 0.161463 0.173379 0.041856 0.475812
110 0.335513 0.162744 0.041856 0.358825
111 0.041856 0.156966 0.041856 0.358825
112 0.057809 0.154733 0.041856 0.358825
113 0.135848 0.147418 0.015741 0.358825
114 0.155876 0.163315 0.015741 0.358825
115 0.358825 0.151041 0.015741 0.358825
116 0.148026 0.142400 0.015741 0.358825
117 0.137503 0.145727 0.015741 0.358825
118 0.015741 0.133652 -0.075014 0.358825
119 0.248005 0.125044 -0.075014 0.358825
120 0.026450 0.107819 -0.075014 0.358825
121 0.240462 0.082304 -0.075014 0.248005
122 0.078448 0.078524 -0.075014 0.248005
123 -0.075014 0.069818 -0.075014 0.248005
124 0.041165 0.060222 -0.089813 0.248005
125 -0.033599 0.037175 -0.089813 0.240462
126 0.078162 0.022155 -0.138771 0.240462
127 0.106441 -0.012559 -0.141393 0.106441
128 0.041739 -0.021868 -0.141393 0.106441
129 -0.089813 -0.023553 -0.141393 0.106441
130 -0.005517 -0.042827 -0.170845 0.106441
131 -0.138771 -0.047853 -0.170845 0.106441
132 -0.141393 -0.072865 -0.196971 0.106441
133 -0.023946 -0.096954 -0.196971 0.041739
134 -0.093553 -0.112070 -0.196971 -0.005517
135 -0.170845 -0.095246 -0.196971 0.095255
136 -0.088883 -0.118915 -0.265878 0.095255
137 -0.196971 -0.131437 -0.276507 0.095255
138 -0.158539 -0.122919 -0.276507 0.095255
139 -0.124542 -0.128482 -0.276507 0.095255
140 0.095255 -0.139477 -0.276507 0.095255
141 -0.265878 -0.148368 -0.276507 0.095255
142 -0.276507 -0.166704 -0.290569 0.095255
143 -0.047703 -0.196669 -0.526592 0.095255
144 -0.085131 -0.217998 -0.526592 0.095255
145 -0.214498 -0.234941 -0.526592 0.095255
146 -0.268655 -0.273155 -0.526592 -0.047703
147 -0.290569 -0.280459 -0.526592 -0.047703
148 -0.526592 -0.285590 -0.526592 -0.047703
149 -0.393161 -0.307341 -0.526592 -0.085131
150 -0.310915 -0.339192 -0.526592 -0.214498
151 -0.325097 -0.354743 -0.526592 -0.268655
152 -0.346220 -0.367337 -0.526592 -0.286961
153 -0.332948 -0.377433 -0.526592 -0.286961
154 -0.286961 -0.354838 -0.435497 -0.278055
155 -0.435497 -0.370171 -0.561824 -0.278055
156 -0.385559 -0.372834 -0.561824 -0.278055
157 -0.407186 -0.393722 -0.561824 -0.278055
158 -0.401623 -0.398478 -0.561824 -0.278055
159 -0.278055 -0.408078 -0.561824 -0.278055
160 -0.561824 -0.423210 -0.561824 -0.278055
161 -0.340208 -0.421919 -0.561824 -0.278055
162 -0.554862 -0.434708 -0.561824 -0.278055
163 -0.398533 -0.442767 -0.561824 -0.278055
164 -0.438554 -0.444981 -0.561824 -0.278055
165 -0.453409 -0.472421 -0.579896 -0.340208
166 -0.421298 -0.477334 -0.615870 -0.340208
167 -0.526235 -0.509042 -0.688995 -0.398533
168 -0.495838 -0.501550 -0.688995 -0.398533
169 -0.425973 -0.520922 -0.688995 -0.421298
170 -0.579896 -0.543189 -0.688995 -0.421298
171 -0.615870 -0.544872 -0.688995 -0.421298
172 -0.688995 -0.577052 -0.775276 -0.425973
173 -0.472446 -0.574803 -0.775276 -0.425973
174 -0.611628 -0.586334 -0.775276 -0.425973
175 -0.683487 -0.601934 -0.775276 -0.471926
176 -0.471926 -0.587823 -0.775276 -0.424672
177 -0.775276 -0.578534 -0.775276 -0.424672
178 -0.501492 -0.578457 -0.775276 -0.424672
179 -0.622688 -0.601616 -0.775276 -0.424672
180 -0.597569 -0.621130 -0.826283 -0.424672
181 -0.424672 -0.629181 -0.826283 -0.424672
182 -0.513689 -0.650887 -0.826283 -0.424672
183 -0.688150 -0.652745 -0.826283 -0.424672
184 -0.727199 -0.661308 -0.826283 -0.424672
185 -0.826283 -0.672896 -0.826283 -0.424672
186 -0.772049 -0.690263 -0.826283 -0.424672
187 -0.710693 -0.726533 -0.826283 -0.513689
188 -0.795709 -0.743671 -0.826283 -0.595689
189 -0.595689 -0.731770 -0.826283 -0.557230
190 -0.750152 -0.727697 -0.826283 -0.557230
191 -0.788610 -0.726249 -0.823638 -0.557230
192 -0.823638 -0.724487 -0.823638 -0.557230
193 -0.702214 -0.733764 -0.823638 -0.557230
194 -0.557230 -0.737635 -0.838294 -0.557230
195 -0.682397 -0.756428 -0.838294 -0.557230
196 -0.810356 -0.757483 -0.838294 -0.557230
197 -0.752668 -0.759971 -0.838294 -0.557230
198 -0.812736 -0.761852 -0.844320 -0.557230
199 -0.838294 -0.778260 -0.882704 -0.557230
200 -0.802410 -0.817732 -0.991420 -0.682397
201 -0.761760 -0.827119 -0.991420 -0.752668
202 -0.815982 -0.825164 -0.991420 -0.752668
203 -0.844320 -0.850678 -1.033319 -0.761760
204 -0.882704 -0.862307 -1.033319 -0.761760
205 -0.991420 -0.872446 -1.033319 -0.761760
206 -0.785662 -0.872866 -1.033319 -0.761760
207 -0.788845 -0.872533 -1.033319 -0.758096
208 -1.033319 -0.872601 -1.033319 -0.758096
209 -0.940656 -0.868199 -1.033319 -0.758096
210 -0.949828 -0.876235 -1.033319 -0.758096
211 -0.807033 -0.862975 -1.033319 -0.758096
212 -0.758096 -0.867137 -1.033319 -0.758096
213 -0.816724 -0.872040 -1.033319 -0.758096
214 -0.795898 -0.864847 -0.971106 -0.758096
215 -0.971106 -0.861147 -0.971106 -0.758096
216 -0.845553 -0.850714 -0.971106 -0.758096
217 -0.831449 -0.876233 -1.087741 -0.758096
218 -0.842777 -0.877849 -1.087741 -0.775880
219 -0.954197 -0.902982 -1.093179 -0.775880
220 -0.899959 -0.928549 -1.093179 -0.775880
221 -0.835059 -0.929045 -1.093179 -0.775880
222 -1.087741 -0.956690 -1.149651 -0.775880
223 -0.775880 -0.969676 -1.149651 -0.775880
224 -1.093179 -1.003608 -1.216028 -0.775880
225 -1.077135 -1.001921 -1.216028 -0.775880
226 -0.976567 -1.010555 -1.216028 -0.775880
227 -1.149651 -1.020282 -1.216028 -0.775880
228 -0.974288 -1.011217 -1.216028 -0.775880
229 -1.216028 -1.028403 -1.216028 -0.935649
230 -0.935649 -1.024209 -1.216028 -0.935649
231 -0.994929 -1.016980 -1.216028 -0.935649
232 -0.942055 -1.012394 -1.216028 -0.926118
233 -0.988027 -0.996471 -1.216028 -0.926118
234 -0.964923 -0.993783 -1.216028 -0.926118
235 -1.047043 -0.979457 -1.058450 -0.926118
236 -0.997623 -0.984896 -1.058450 -0.926118
237 -0.926118 -0.973823 -1.058450 -0.873130
238 -0.974504 -1.003161 -1.264770 -0.873130
239 -0.944710 -1.015226 -1.264770 -0.873130
240 -1.058450 -1.033069 -1.264770 -0.873130
241 -0.995472 -1.018962 -1.264770 -0.873130
242 -0.873130 -1.024768 -1.264770 -0.873130
243 -1.264770 -1.034703 -1.264770 -0.873130
244 -1.120740 -1.043031 -1.264770 -0.873130
245 -1.161201 -1.023714 -1.264770 -0.732230
246 -0.891866 -1.035942 -1.264770 -0.732230
247 -1.061490 -1.032799 -1.264770 -0.732230
248 -1.035404 -1.048014 -1.264770 -0.732230
249 -1.066105 -1.015013 -1.192959 -0.732230
250 -0.732230 -0.988437 -1.192959 -0.732230
251 -1.192959 -0.984767 -1.192959 -0.732230
252 -0.960893 -1.002046 -1.192959 -0.732230
253 -1.040500 -0.985397 -1.192959 -0.732230
254 -0.901760 -0.982775 -1.192959 -0.732230
255 -0.828404 -0.986986 -1.192959 -0.732230
256 -1.120830 -1.000430 -1.192959 -0.828404
257 -1.081925 -0.985363 -1.120830 -0.828404
258 -0.878353 -0.991121 -1.120830 -0.828404
259 -1.006563 -0.988908 -1.120830 -0.828404
260 -1.112423 -0.998128 -1.120830 -0.828404
261 -0.880114 -1.008961 -1.120830 -0.878353
262 -1.027231 -0.994331 -1.112423 -0.878353
263 -1.024224 -0.989539 -1.112423 -0.878353
264 -1.016162 -1.003086 -1.112423 -0.880114
265 -1.003174 -0.987079 -1.112423 -0.830495
266 -0.947576 -0.984044 -1.079038 -0.830495
267 -0.959896 -0.987848 -1.079038 -0.830495
268 -1.029208 -0.981803 -1.079038 -0.830495
269 -1.027370 -0.964468 -1.079038 -0.830495
270 -0.830495 -0.960914 -1.079038 -0.830495
271 -1.079038 -0.956894 -1.079038 -0.830495
272 -0.921950 -0.963892 -1.079038 -0.830495
273 -0.960735 -0.956820 -1.079038 -0.830495
274 -0.833545 -0.954237 -1.079038 -0.830495
275 -0.977067 -0.940472 -1.079038 -0.830495
276 -0.958951 -0.944069 -1.079038 -0.833545
277 -1.024561 -0.938022 -1.024561 -0.833545
278 -0.882098 -0.919679 -1.024561 -0.720185
279 -1.000801 -0.912088 -1.024561 -0.720185
280 -0.875947 -0.909022 -1.024561 -0.720185
281 -0.870066 -0.896914 -1.024561 -0.720185
282 -1.012517 -0.890325 -1.024561 -0.720185
283 -0.720185 -0.867328 -1.012517 -0.720185
284 -0.877230 -0.852374 -1.012517 -0.717609
285 -0.799814 -0.837617 -1.012517 -0.717609
286 -0.843888 -0.838205 -1.012517 -0.717609
287 -0.886468 -0.836749 -1.012517 -0.717609
288 -0.771593 -0.828138 -0.917799 -0.717609
289 -0.717609 -0.832601 -0.917799 -0.717609
290 -0.838467 -0.833825 -0.917799 -0.717609
291 -0.882423 -0.829501 -0.917799 -0.717609
292 -0.854040 -0.834043 -0.917799 -0.717609
293 -0.917799 -0.837622 -0.925833 -0.717609
294 -0.769278 -0.850230 -0.925833 -0.717609
295 -0.890701 -0.858097 -0.925833 -0.752249
296 -0.752249 -0.847150 -0.925833 -0.718054
297 -0.893852 -0.840316 -0.925833 -0.718054
298 -0.925833 -0.847871 -0.937142 -0.718054
299 -0.910285 -0.829060 -0.937142 -0.710878
300 -0.804142 -0.829250 -0.937142 -0.710878
301 -0.718054 -0.815351 -0.937142 -0.710878
302 -0.807248 -0.805137 -0.937142 -0.639902
303 -0.937142 -0.779022 -0.937142 -0.606577
304 -0.710878 -0.766921 -0.937142 -0.606577
305 -0.771371 -0.763344 -0.937142 -0.606577
306 -0.737806 -0.761042 -0.937142 -0.606577
307 -0.639902 -0.750893 -0.937142 -0.606425
308 -0.606577 -0.740345 -0.937142 -0.606425
309 -0.792721 -0.716246 -0.870945 -0.606425
310 -0.870945 -0.721344 -0.870945 -0.606425
311 -0.778812 -0.702106 -0.870945 -0.559753
312 -0.606425 -0.669779 -0.870945 -0.382213
313 -0.691215 -0.669660 -0.870945 -0.382213
314 -0.672057 -0.667048 -0.870945 -0.382213
315 -0.766952 -0.655691 -0.870945 -0.382213
316 -0.559753 -0.657687 -0.892897 -0.382213
317 -0.382213 -0.633918 -0.892897 -0.382213
318 -0.638585 -0.642290 -0.892897 -0.382213
319 -0.577856 -0.642953 -0.892897 -0.382213
320 -0.667793 -0.647248 -0.892897 -0.382213
321 -0.892897 -0.625084 -0.892897 -0.382213
322 -0.517349 -0.634317 -0.892897 -0.382213
323 -0.698519 -0.645092 -0.892897 -0.500739
324 -0.698515 -0.636347 -0.892897 -0.500739
325 -0.719300 -0.645738 -0.892897 -0.500739
326 -0.523150 -0.638422 -0.892897 -0.500739
327 -0.661314 -0.606323 -0.719300 -0.500739
328 -0.500739 -0.601895 -0.719300 -0.468642
329 -0.542385 -0.579661 -0.719300 -0.453948
330 -0.681154 -0.567629 -0.719300 -0.453948
331 -0.587320 -0.540919 -0.681154 -0.425489
332 -0.539802 -0.536216 -0.681154 -0.425489
333 -0.468642 -0.515872 -0.681154 -0.425489
334 -0.453948 -0.508943 -0.681154 -0.424515
335 -0.566167 -0.484997 -0.681154 -0.278983
336 -0.425489 -0.474857 -0.587320 -0.278983
337 -0.471413 -0.457795 -0.569606 -0.278983
338 -0.437536 -0.444811 -0.569606 -0.278983
339 -0.424515 -0.457290 -0.605908 -0.278983
340 -0.278983 -0.458643 -0.605908 -0.278983
341 -0.569606 -0.437657 -0.605908 -0.278983
342 -0.399645 -0.440066 -0.605908 -0.278983
343 -0.396978 -0.426797 -0.605908 -0.278983
344 -0.605908 -0.414464 -0.605908 -0.278983
345 -0.468828 -0.409242 -0.605908 -0.278983
346 -0.335322 -0.390093 -0.605908 -0.068347
347 -0.451991 -0.358057 -0.605908 -0.068347
348 -0.325454 -0.354020 -0.605908 -0.068347
349 -0.301874 -0.351934 -0.605908 -0.068347
350 -0.367069 -0.330921 -0.468828 -0.068347
351 -0.068347 -0.300187 -0.451991 -0.068347
352 -0.217207 -0.269653 -0.451991 0.000548
353 -0.355236 -0.249006 -0.374765 0.000548
354 -0.374031 -0.227677 -0.374765 0.000548
355 -0.374765 -0.212222 -0.374765 0.000548
356 -0.130757 -0.182264 -0.374765 0.000548
357 0.000548 -0.178046 -0.374765 0.000548
358 -0.224869 -0.174059 -0.374765 0.000548
359 -0.090843 -0.148084 -0.374765 0.000548
360 -0.131869 -0.125299 -0.374765 0.000548
361 -0.037525 -0.103980 -0.224869 0.000548
362 -0.021950 -0.089067 -0.224869 0.033278
363 -0.173351 -0.097219 -0.224869 0.033278
364 -0.069516 -0.080847 -0.173351 0.033278
365 -0.123392 -0.083517 -0.173351 0.033278
366 -0.140251 -0.064638 -0.173351 0.075798
367 0.033278 -0.066025 -0.173351 0.075798
368 -0.089119 -0.064113 -0.173351 0.075798
369 -0.044779 -0.043657 -0.140251 0.075798
370 -0.120212 -0.050558 -0.145432 0.075798
371 0.075798 -0.028394 -0.145432 0.120419
372 -0.052776 -0.020337 -0.145432 0.120419
373 -0.000922 -0.020633 -0.145432 0.120419
374 0.051665 -0.000088 -0.145432 0.136882
375 -0.145432 0.001980 -0.145432 0.136882
376 0.120419 0.015908 -0.145432 0.136882
377 -0.051630 0.008839 -0.145432 0.136882
378 0.030021 0.023415 -0.145432 0.136882
379 0.136882 0.035997 -0.145432 0.137475
380 -0.022034 0.044648 -0.145432 0.146824
381 0.032996 0.085343 -0.051630 0.302213
382 -0.001956 0.090462 -0.051630 0.302213
383 0.107561 0.109792 -0.022034 0.302213
384 0.137475 0.129705 -0.022034 0.302213
385 0.146824 0.139505 -0.022034 0.302213
386 0.302213 0.175573 -0.001956 0.374715
387 0.176725 0.171111 -0.016088 0.374715
388 0.161005 0.201997 -0.016088 0.374715
389 0.249059 0.211184 -0.016088 0.374715
390 0.244685 0.241403 -0.016088 0.469875
391 0.374715 0.247018 -0.016088 0.469875
392 -0.016088 0.251853 -0.016088 0.469875
393 0.337792 0.241875 -0.016088 0.469875
394 0.208623 0.232960 -0.016088 0.469875
395 0.469875 0.241472 -0.016088 0.469875
396 0.208591 0.240708 -0.016088 0.469875
397 0.355397 0.244141 -0.016088 0.469875
398 0.066970 0.278441 0.062943 0.469875
399 0.062943 0.279692 0.062943 0.469875
400 0.342687 0.279032 0.062943 0.469875
401 0.236279 0.255171 0.062943 0.412482
402 0.412482 0.269991 0.062943 0.412482
403 0.361210 0.271952 0.062943 0.412482
404 0.351552 0.306849 0.062943 0.450837
405 0.201364 0.341076 0.201364 0.450837
406 0.207412 0.346704 0.201364 0.450837
407 0.371610 0.367105 0.201364 0.460693
408 0.376968 0.381765 0.201364 0.573741
409 0.450837 0.399434 0.201364 0.573741
410 0.439434 0.424286 0.201364 0.624922
411 0.404595 0.444298 0.207412 0.624922
412 0.460693 0.485105 0.371610 0.656290
413 0.573741 0.497219 0.376968 0.656290
414 0.555574 0.509820 0.404595 0.656290
415 0.624922 0.508527 0.404595 0.656290
416 0.421495 0.517763 0.404595 0.656290
417 0.656290 0.539030 0.421495 0.656290
418 0.504863 0.547166 0.421495 0.656290
419 0.515579 0.544754 0.421495 0.656290
420 0.436605 0.551199 0.421495 0.656290
421 0.541029 0.544440 0.421495 0.656290
422 0.638534 0.565228 0.436605 0.656290
423 0.550194 0.561618 0.436605 0.650163
424 0.547203 0.578910 0.436605 0.695074
425 0.626469 0.594819 0.436605 0.695074
426 0.550578 0.623842 0.541029 0.755863
427 0.650163 0.638478 0.547203 0.755863
428 0.616581 0.642307 0.547203 0.755863
429 0.695074 0.652334 0.547203 0.755863
430 0.690578 0.675403 0.550578 0.800961
431 0.755863 0.683917 0.550578 0.800961
432 0.702018 0.688552 0.601565 0.800961
433 0.680657 0.692645 0.601565 0.800961
434 0.660494 0.699567 0.601565 0.800961
435 0.800961 0.697021 0.601565 0.800961
436 0.720123 0.692928 0.601565 0.800961
437 0.601565 0.689701 0.601565 0.800961
438 0.695184 0.695285 0.601565 0.800961
439 0.692716 0.710160 0.601565 0.844284
440 0.667074 0.729648 0.601565 0.874857
441 0.645554 0.710975 0.595553 0.874857
442 0.720360 0.712048 0.595553 0.874857
443 0.763451 0.724493 0.595553 0.874857
444 0.844284 0.736420 0.595553 0.874857
445 0.874857 0.755004 0.595553 0.897139
446 0.595553 0.762285 0.595553 0.897139
447 0.731929 0.795816 0.595553 1.014397
448 0.738466 0.816706 0.595553 1.014397
449 0.826376 0.839172 0.595553 1.014397
450 0.897139 0.830670 0.595553 1.014397
451 0.747169 0.831937 0.595553 1.014397
452 1.014397 0.854478 0.731929 1.014397
453 0.950147 0.858448 0.738466 1.014397
454 1.010570 0.884680 0.747169 1.027027
455 0.750768 0.881842 0.747169 1.027027
456 0.888789 0.903073 0.747169 1.130677
457 0.843511 0.905010 0.750768 1.130677
458 0.775591 0.900443 0.750768 1.130677
459 1.027027 0.886697 0.750768 1.130677
460 0.795154 0.860403 0.721338 1.130677
461 1.130677 0.868329 0.721338 1.130677
462 0.768480 0.865755 0.721338 1.130677
463 0.964156 0.862088 0.721338 1.130677
464 0.798942 0.897826 0.721338 1.168710
465 0.721338 0.881809 0.721338 1.168710
466 0.837961 0.904046 0.721338 1.168710
467 0.860465 0.889841 0.721338 1.168710
468 0.803176 0.916090 0.721338 1.168710
469 1.168710 0.921198 0.721338 1.168710
470 0.850845 0.930022 0.721338 1.168710
471 1.039756 0.936404 0.791537 1.168710
472 0.974419 0.937972 0.791537 1.168710
473 1.057222 0.954304 0.791537 1.168710
474 1.020342 0.958065 0.791537 1.168710
475 0.896010 0.945502 0.791537 1.057222
476 0.791537 0.953835 0.791537 1.057222
477 0.855209 0.948894 0.791537 1.057222
478 1.040122 0.957838 0.791537 1.072795
479 0.844547 0.950386 0.791537 1.072795
480 1.030517 0.941772 0.791537 1.072795
481 0.942499 0.945536 0.791537 1.072795
482 0.985416 0.964838 0.844547 1.072795
483 1.072795 0.972638 0.844547 1.072795
484 0.975258 0.961047 0.844547 1.072795
485 0.925586 0.967626 0.912619 1.072795
486 0.937410 0.955375 0.895759 1.072795
487 1.003865 0.970752 0.895759 1.111650
488 0.941008 0.961434 0.882914 1.111650
489 0.912619 0.959662 0.882914 1.111650
490 0.916911 0.964683 0.882914 1.111650
491 0.895759 0.982988 0.882914 1.126942
492 1.111650 0.989781 0.882914 1.126942
493 0.882914 0.997853 0.882914 1.126942
494 1.053305 1.006621 0.882914 1.126942
495 1.030481 1.017970 0.882914 1.126942
496 1.126942 1.028928 0.882914 1.126942
497 1.012136 1.041810 0.882914 1.126942
498 1.092656 1.035065 0.882914 1.126942
499 1.037457 1.049115 1.012136 1.126942
