0 0.133919 1.000000 0.634780 0.572247 0.808577 0.746831 0.911713
1 0.594129 1.000000 0.761385 0.586651 0.842338 0.851958 0.932072
2 1.674408 1.000000 0.634780 0.565628 0.805441 0.786105 0.911598
3 -1.286970 1.000000 0.624178 0.616265 0.818638 0.793885 0.913578
4 -1.277502 1.000000 0.732107 0.607673 0.845620 0.853599 0.904846
5 -1.339936 1.000000 0.901014 0.815512 0.899332 0.892324 0.915826
6 -0.039091 1.000000 0.914039 0.882875 0.973002 0.931867 0.909640
7 0.114046 1.000000 1.004368 0.939272 0.955987 0.962021 0.936883
8 -0.017648 1.000000 0.938813 0.913400 0.994361 0.989223 0.948653
9 -0.572385 1.000000 1.004368 0.948380 0.977622 0.975446 0.940535
10 0.181709 1.000000 1.013403 0.967178 1.006853 0.996549 0.932949
11 1.385318 1.000000 1.041662 0.991152 1.002304 0.976706 0.933625
12 -0.638032 1.000000 1.006429 1.041661 1.007452 0.991973 0.929606
13 -1.465648 1.000000 1.097440 1.033083 1.002304 0.982959 0.931635
14 -0.827762 1.000000 1.006429 1.012117 0.991703 0.982032 0.919095
15 -0.246354 1.000000 1.009916 0.991152 0.924432 0.966532 0.909800
16 -0.289493 1.000000 0.937596 0.970187 0.923188 0.958141 0.897614
17 -0.224180 1.000000 0.972012 0.992435 0.924432 0.980047 0.956973
18 0.064615 1.000000 1.006429 0.992038 0.945551 1.001505 0.950711
19 1.706591 1.000000 1.009916 0.967227 0.940569 0.975836 0.938556
20 -0.144233 1.000000 1.013403 0.942416 0.961679 0.974183 0.927016
21 1.182820 1.000000 1.014380 0.970187 0.976290 1.003298 0.943637
22 -0.260697 1.000000 0.937596 0.942416 0.919517 0.967429 0.937187
23 -1.045894 1.000000 0.894872 0.844759 0.844112 0.910789 0.891896
24 0.577419 1.000000 0.751925 0.826354 0.833473 0.862953 0.875977
25 1.088576 1.000000 0.715114 0.775585 0.819886 0.829490 0.859125
26 0.715002 1.000000 0.792076 0.734255 0.813865 0.798872 0.840971
27 -1.515063 1.000000 0.792076 0.734255 0.813865 0.798872 0.840949
28 1.182771 1.000000 0.828887 0.824578 0.827717 0.847499 0.849113
29 -0.706517 1.000000 0.894872 0.873242 0.831686 0.872197 0.863533
30 -0.731346 1.000000 0.875302 0.901013 0.843749 0.922323 0.887804
31 -1.034345 1.000000 0.875302 0.901013 0.843749 0.940883 0.888084
32 -0.903006 1.000000 0.894872 0.924011 0.831686 0.915578 0.864894
33 0.889186 1.000000 0.937596 0.942416 0.844140 0.984041 2.751313
34 -0.375367 1.000000 0.935885 0.951782 0.909712 0.979339 2.764234
35 0.408219 1.000000 0.870455 0.828989 0.887733 0.953368 2.764266
36 -0.273845 1.000000 0.962290 0.909833 0.947194 1.003298 2.785699
37 -2.328102 1.000000 0.989562 0.909833 0.940293 1.007373 2.787434
38 0.539956 1.000000 1.022690 0.909833 0.970569 1.027996 2.791884
39 -0.039068 1.000000 1.047520 1.032626 0.996669 1.055270 2.794225
40 0.013851 1.000000 1.026373 1.018540 0.955638 1.007373 2.777936
41 1.028263 1.000000 1.047520 1.036945 0.987347 1.042200 2.781737
42 -0.237378 1.000000 0.999101 0.970187 0.975734 1.007373 2.770074
43 -0.172270 1.000000 1.074792 1.023686 0.993536 1.022731 2.771019
44 -0.540872 1.000000 0.999101 0.970187 0.975734 1.005811 2.769515
45 -0.490678 1.000000 0.939346 0.995915 0.992322 1.000660 2.764966
46 0.418112 1.000000 0.986861 0.934728 1.061442 1.022731 2.759020
47 -0.057463 1.000000 0.986861 0.934728 1.061442 1.033751 2.762056
48 0.686476 1.000000 0.939346 0.995915 0.992322 1.022731 2.770365
49 -1.084243 1.000000 0.939346 0.986549 0.978580 1.005811 2.762342
50 1.316748 1.000000 0.999101 0.986549 0.962601 1.007373 2.763825
51 0.220587 1.000000 0.858462 0.986549 0.947194 1.003500 2.765904
52 -0.803515 1.000000 0.851570 0.855353 0.906389 0.980266 2.768981
53 -16.826706 1.000000 0.822434 0.801218 0.895637 0.955649 2.770614
54 1.496198 1.000000 0.780004 0.791852 0.884705 0.943552 2.766481
55 -0.003318 1.000000 0.780004 0.791852 0.841112 0.934656 2.767213
56 1.800935 1.000000 0.822434 0.801218 0.884705 0.996285 2.793084
57 0.272243 1.000000 0.851705 0.824274 0.991485 1.040969 2.825814
58 0.667474 1.000000 0.851705 0.824274 0.963355 1.015499 2.811598
59 -1.167809 1.000000 0.826116 0.824274 0.895637 1.000660 2.809012
60 0.455081 1.000000 0.826116 0.824274 0.917388 1.005811 2.808804
61 -1.353985 1.000000 0.840365 0.824274 0.963639 1.016996 2.808428
62 -0.613899 1.000000 0.848375 0.845987 1.001663 1.015499 2.802740
63 -0.968935 1.000000 0.916455 0.878409 1.001663 1.016996 2.807617
64 -0.462268 1.000000 0.893827 0.878409 0.963639 1.016996 2.808621
65 -0.805850 1.000000 0.893827 1.018971 1.001663 1.005811 2.810159
66 -1.669557 1.000000 0.835189 1.018971 0.919256 0.981250 2.812080
67 0.955392 1.000000 0.953499 1.090444 1.011756 1.020490 2.821579
68 1.155739 1.000000 0.953499 1.090444 1.011756 1.035414 2.821388
69 0.527321 1.000000 0.900067 1.018971 1.011756 1.023422 2.817582
70 0.112199 1.000000 0.835189 0.878409 0.998036 0.993358 2.816845
71 0.249406 1.000000 0.835189 0.878409 0.919256 0.981445 2.812003
72 0.571058 1.000000 0.851705 0.878409 0.986470 0.997608 2.810899
73 0.369879 1.000000 0.851705 0.878409 0.986470 1.003898 2.812401
74 0.463358 1.000000 0.835189 0.837477 0.974701 0.986197 0.969756
75 0.004240 1.000000 0.851705 0.878409 0.964608 0.964104 0.954479
76 2.149705 1.000000 0.835189 0.879648 0.974701 0.964104 0.957241
77 2.393308 1.000000 0.823252 0.878409 0.935121 0.915411 0.919993
78 -1.280724 1.000000 0.823252 0.878409 0.935121 0.921353 0.919612
79 -0.001162 1.000000 0.813205 0.869530 0.933139 0.915411 0.920612
80 -0.382469 1.000000 0.733395 0.845987 0.945214 0.880601 0.903238
81 -0.366381 1.000000 0.813205 0.869530 0.933139 0.905382 0.913601
82 -1.048282 1.000000 0.733395 0.845987 0.961340 0.862525 0.888996
83 0.719285 1.000000 0.811337 0.766004 0.961340 0.906725 0.908871
84 0.180858 1.000000 0.811337 0.766004 0.961340 0.887721 0.900477
85 -0.945417 1.000000 0.806927 0.706849 0.856607 0.874078 0.895459
86 0.371411 1.000000 0.824981 0.696163 0.894144 0.880746 0.906899
87 1.336323 1.000000 0.824981 0.696163 0.868543 0.862525 0.879876
88 -0.363406 1.000000 0.806927 0.706849 0.961340 0.880746 0.962966
89 0.024232 1.000000 0.806927 0.706849 0.986470 0.896215 0.989880
90 0.407580 1.000000 0.709543 0.706849 0.974701 0.897554 0.989059
91 0.924530 1.000000 0.811337 0.708089 1.021867 0.986197 1.013604
92 -0.335992 1.000000 0.947584 0.902700 1.033113 0.993358 1.022123
93 -1.065908 1.000000 0.993182 0.903192 1.031373 0.981805 1.029552
94 1.315714 1.000000 0.976282 0.903192 1.031373 0.954886 1.028894
95 -0.723670 1.000000 0.976282 0.903192 1.039481 0.989289 1.029767
96 0.572730 1.000000 1.030487 1.011833 1.040474 1.048340 1.038201
97 -0.311810 1.000000 0.993182 0.903192 1.025245 0.948526 0.987965
98 0.193035 1.000000 0.992199 0.889324 0.980151 0.874459 0.917902
99 -0.645659 1.000000 0.730301 0.888833 0.995759 0.845335 0.894647
100 0.489070 1.000000 0.730301 0.888833 0.995759 0.860992 0.895874
101 -0.912479 1.000000 0.850541 0.888833 0.995759 0.862411 0.897471
102 0.504810 1.000000 0.850541 0.888833 0.995759 0.874459 0.898461
103 1.493974 1.000000 0.921514 0.790420 0.976565 0.880601 0.895020
104 -0.644996 1.000000 0.999852 0.790420 0.988788 0.895750 0.899506
105 0.080149 1.000000 0.850541 0.790420 0.988788 0.897169 0.900195
106 1.513680 1.000000 0.772203 0.751251 0.976565 0.887574 0.887050
107 -1.056364 1.000000 0.772203 0.751251 0.931100 0.880746 0.886311
108 -2.415729 1.000000 0.785469 0.776552 0.932787 0.896344 0.908634
109 1.913067 1.000000 0.850541 0.790420 0.928780 0.898312 0.911728
110 -0.134006 1.000000 0.867004 0.790420 0.968049 0.898684 0.912953
111 1.560086 1.000000 0.948325 0.902700 0.997878 0.957183 0.971343
112 -0.673723 1.000000 0.830105 0.888833 0.988788 0.908120 0.961586
113 -0.757723 1.000000 0.948325 0.902700 1.024635 1.018413 1.011598
114 0.012833 1.000000 0.948325 0.902700 1.024635 1.008893 1.004640
115 0.554023 1.000000 0.830105 0.888833 0.974090 0.948227 0.984805
116 0.969076 1.000000 0.850541 0.790420 0.993825 0.974084 0.994552
117 0.375053 1.000000 0.948325 0.899432 0.997878 1.008893 1.007153
118 0.321502 1.000000 1.075102 1.011712 1.159322 1.033102 1.014558
119 0.412501 1.000000 0.976282 1.011712 1.084628 1.018413 1.016412
120 -0.226119 1.000000 1.075102 1.019061 1.087173 1.033102 1.017086
121 -0.493532 1.000000 1.017889 1.019061 1.084628 1.013358 1.019450
122 -0.440694 1.000000 0.975298 1.005614 1.024635 0.992813 1.007760
123 1.137429 1.000000 0.983407 1.019061 1.084628 1.044047 1.054007
124 0.948226 1.000000 0.940815 0.899432 0.932787 0.989613 1.028517
125 -0.098573 1.000000 0.983407 0.899432 1.041084 1.039852 1.070832
126 -0.340550 1.000000 0.977257 1.033008 1.093148 1.125720 1.094564
127 0.091253 1.000000 0.953264 0.972397 1.093148 1.111274 1.102403
128 -1.673461 1.000000 0.953264 0.972397 1.118139 1.103869 1.120081
129 0.719785 1.000000 0.932019 0.910128 1.084628 1.033102 1.059777
130 0.398546 1.000000 0.891350 0.850800 0.993825 0.989613 1.014061
131 -2.058964 1.000000 0.868815 0.850800 1.007764 1.002214 1.016375
132 -0.221386 1.000000 0.868815 0.850800 1.007764 0.988137 1.006077
133 2.059246 1.000000 0.868815 0.850800 1.007764 0.948213 1.003151
134 -0.783959 1.000000 0.898645 0.855254 1.084628 0.949440 1.015792
135 -0.010426 1.000000 0.960558 0.978133 1.109619 1.002214 1.030059
136 1.246201 1.000000 0.960558 1.018730 1.118139 0.988137 1.034131
137 1.208516 1.000000 0.960558 0.978133 1.109619 0.968823 1.024990
138 -0.776972 1.000000 0.969790 1.018730 1.118139 0.963562 1.036711
139 -0.314893 1.000000 0.889504 1.113693 1.147632 0.961287 1.039220
140 0.881162 1.000000 1.056337 1.192725 1.213913 0.994310 1.073273
141 -0.475392 1.000000 0.970917 1.192725 1.191793 1.000106 1.073040
142 -0.187461 1.000000 1.258537 1.198219 1.213913 1.071636 1.086984
143 -1.914903 1.000000 1.258537 1.198219 1.213913 1.071636 1.086002
144 0.075505 1.000000 1.345084 1.150143 1.214410 1.086597 1.103572
145 -1.990580 1.000000 1.057369 1.109546 1.067205 1.063068 1.088914
146 -1.470919 1.000000 1.057369 1.109546 1.153104 1.090701 1.091951
147 -1.902030 1.000000 1.345084 1.150143 1.213913 1.128318 1.110274
148 -1.693956 1.000000 1.345084 1.150143 1.213913 1.125720 1.109612
149 -0.129086 1.000000 0.970917 1.119186 1.293248 1.106648 1.085023
150 -0.735212 1.000000 1.056337 1.150143 1.303892 1.171344 2.651855
151 -0.599698 1.000000 1.057369 1.150143 1.195968 1.169232 2.648025
152 1.300405 1.000000 0.884370 1.119186 1.109619 1.111274 2.638670
153 -0.299204 1.000000 1.056337 1.150143 1.178096 1.169856 2.645304
154 1.035069 1.000000 0.884370 0.965173 1.109619 1.096684 2.614401
155 0.975320 1.000000 0.925674 0.934216 1.069006 1.030642 2.614966
156 0.774549 1.000000 1.056337 0.965173 1.118139 1.105160 2.615599
157 0.525028 1.000000 0.874011 0.824111 1.069006 1.096684 2.603500
158 0.992704 1.000000 0.811066 0.820110 0.979526 1.070511 2.587245
159 -0.727802 1.000000 0.801111 0.789154 1.059970 1.052355 2.591621
160 1.671102 1.000000 0.863761 0.793154 1.173043 1.122667 2.642193
161 -0.090324 1.000000 0.852774 0.789154 1.059970 1.096684 2.633997
162 -1.260789 1.000000 0.887658 0.793154 1.154410 1.100049 2.638234
163 -0.275838 1.000000 0.887658 0.793154 1.154410 1.098172 2.637971
164 -1.911296 1.000000 0.919529 0.827078 1.154410 1.111274 2.651606
165 -0.188156 1.000000 0.887658 0.827078 1.154410 1.122667 2.650210
166 0.329342 1.000000 0.919529 0.917858 1.154410 1.117701 2.651070
167 1.110349 1.000000 0.923396 1.035263 1.155203 1.133913 2.677685
168 -0.107589 1.000000 1.029720 1.167561 1.155203 1.118189 2.674187
169 0.325378 1.000000 1.029720 1.167561 1.154410 1.098172 2.665319
170 -15.647560 1.000000 1.029720 1.167561 1.154410 1.098172 2.665329
171 -0.713145 1.000000 1.102100 1.120465 1.155203 1.106648 2.670217
172 0.141477 1.000000 1.131935 0.957238 1.155203 1.090701 2.669896
173 -1.717268 1.000000 0.968429 0.956236 1.093226 1.042184 2.659742
174 -0.018610 1.000000 1.131935 0.971221 1.155203 1.090701 2.671078
175 -0.152614 1.000000 1.102100 1.105480 1.154410 1.106773 2.671900
176 -1.235812 1.000000 0.894589 0.971634 1.049746 1.059605 2.665282
177 0.334738 1.000000 0.894589 0.880272 1.049150 1.059605 2.664174
178 -0.622001 1.000000 0.889371 0.880272 0.970274 1.021298 2.661407
179 0.324728 1.000000 0.788265 0.748648 0.970274 1.029574 2.663541
180 2.677702 1.000000 0.788265 0.748648 1.049150 1.080184 2.703795
181 0.031194 1.000000 0.788265 0.748648 0.980272 1.030642 2.688135
182 0.387911 1.000000 0.897799 0.816213 1.050539 1.118189 2.765993
183 -0.273757 1.000000 0.897799 0.816213 1.055372 1.135571 2.836766
184 1.696227 1.000000 0.998434 0.945426 1.160036 1.247624 2.858211
185 -0.536167 1.000000 0.993216 0.943901 1.160036 1.231895 2.869043
186 1.165979 1.000000 1.103559 1.169109 1.266341 1.326080 2.913577
187 2.272367 1.000000 1.137498 1.279095 1.294253 1.432352 3.072539
188 1.103474 1.000000 1.137498 1.279095 1.294253 1.496162 3.342283
189 -0.736036 1.000000 1.301004 1.325430 1.498434 1.663867 3.379302
190 -0.315977 1.000000 1.589765 1.392995 1.679350 1.876527 3.410838
191 0.955105 1.000000 1.589765 1.392995 1.679350 1.840987 2.490017
192 0.173718 1.000000 1.518929 1.484734 1.755566 2.023496 2.566998
193 -0.334839 1.000000 1.878466 1.569269 1.869889 2.237125 2.970150
194 1.380878 1.000000 1.878466 1.569269 2.062122 2.258532 3.049667
195 -1.482407 1.000000 2.081312 1.715055 2.190484 2.420870 3.218398
196 -0.022129 1.000000 2.081312 1.715055 2.257412 2.425033 3.220501
197 0.651304 1.000000 2.063892 1.715055 2.257412 2.425033 3.220319
198 -0.118530 1.000000 2.081312 1.764171 2.338202 2.596382 3.260310
199 -1.750304 1.000000 2.033388 1.803037 2.581295 2.773204 3.320026
200 -3.323619 5.000000 2.381455 2.230130 2.907379 3.026913 3.425691
201 0.562217 5.000000 2.381455 2.230130 2.907379 3.075772 3.455961
202 -4.614241 5.000000 2.772937 2.587673 3.169419 3.364469 3.652797
203 -4.612867 5.000000 2.455375 2.713210 3.375916 3.458025 3.662293
204 1.643797 5.000000 2.890957 2.713210 3.375916 3.458025 3.661587
205 1.577542 5.000000 2.852559 2.783414 3.491394 3.616436 3.868408
206 2.775860 5.000000 3.281952 3.156654 3.661902 3.774702 3.968982
207 5.865571 5.000000 3.428549 3.393494 3.811989 4.114441 4.232382
208 8.234119 5.000000 3.428549 3.393494 3.767490 3.998191 4.222691
209 3.095353 5.000000 3.428549 3.393494 3.767490 3.998191 4.221204
210 -3.013602 5.000000 3.755633 3.592086 3.918902 4.372677 4.725675
211 -5.291502 5.000000 3.755402 3.592086 4.122688 4.576830 4.743418
212 4.263975 5.000000 4.176478 4.528569 4.193060 4.794995 4.796623
213 -9.292755 5.000000 4.176247 4.528569 4.193060 4.871193 4.811104
214 -4.697274 5.000000 4.162337 4.528569 4.242076 4.794995 4.828620
215 6.553692 5.000000 5.231606 4.738991 4.582639 5.000304 4.899242
216 -0.662860 5.000000 5.231606 4.738991 4.571658 4.945563 4.891604
217 -1.218356 5.000000 5.269586 5.273625 4.760161 4.945563 4.929741
218 3.379209 5.000000 5.315659 5.273625 4.800042 5.021326 4.936126
219 4.311424 5.000000 4.987390 5.351584 5.006539 5.000304 4.990401
220 5.717484 5.000000 4.219000 5.351584 4.864391 4.879123 4.982976
221 4.100420 5.000000 4.145204 4.146305 4.864391 4.794995 4.945355
222 -7.098843 5.000000 4.243435 4.146305 4.816507 4.782220 4.951947
223 -1.387704 5.000000 3.918867 4.100949 4.755502 4.610035 4.915036
224 0.571755 5.000000 3.857478 4.064052 4.302735 4.190221 4.835901
225 -7.875097 5.000000 3.918867 4.100949 4.688771 4.589972 4.888980
226 5.778979 5.000000 4.623493 4.189589 4.787967 4.713386 5.070206
227 9.640863 5.000000 4.681058 4.224764 5.069979 5.021326 5.261907
228 0.900031 5.000000 5.057739 5.394868 5.320686 5.246220 5.527964
229 0.562373 5.000000 5.387654 5.351584 4.970126 5.021326 5.387885
230 -13.260275 5.000000 5.387654 5.351584 4.919430 4.996126 5.369747
231 2.718149 5.000000 5.301086 4.260697 4.919430 4.966821 5.353048
232 -4.529446 5.000000 5.145167 4.146305 4.800042 4.652996 5.281081
233 2.387767 5.000000 4.162337 4.068346 4.603683 4.644887 5.246485
234 2.721147 5.000000 4.075898 3.979706 4.468489 4.520211 5.043787
235 5.555074 5.000000 3.780652 3.979706 4.442412 4.399273 4.990713
236 0.200443 5.000000 3.694213 3.542148 4.550858 4.405824 5.008626
237 4.205586 5.000000 3.694213 3.542148 4.550858 4.405824 5.007600
238 -1.268130 5.000000 3.694213 3.542148 4.550858 4.385338 5.004178
239 5.057468 5.000000 3.694213 4.068346 4.603683 4.463309 5.063598
240 1.938970 5.000000 3.694213 4.068346 4.603683 4.596383 5.129349
241 0.024430 5.000000 3.694213 4.068346 4.603683 4.589972 5.109072
242 2.260724 5.000000 3.200603 3.542148 4.448770 4.500147 5.079116
243 4.582206 5.000000 3.200603 3.542148 4.448770 4.534378 5.258559
244 0.630058 5.000000 3.694213 4.057666 4.679094 4.628659 5.349815
245 -3.644809 5.000000 4.193120 4.260697 4.883738 5.002537 5.404640
246 -7.761540 5.000000 3.780652 4.057666 4.636933 4.644887 5.249803
247 9.875363 5.000000 3.680303 3.656540 4.636933 4.893271 5.311000
248 -11.306466 5.000000 3.483934 3.160282 4.170773 4.598910 5.089286
249 -1.032675 5.000000 3.488380 3.656540 4.636933 4.879310 5.236676
250 1.054487 5.000000 4.729718 3.936705 5.098362 5.384008 5.358965
251 -1.542016 5.000000 3.737201 3.656540 4.636933 4.964392 4.932118
252 0.368271 5.000000 3.998158 3.656540 4.622022 4.847064 4.915745
253 -1.002730 5.000000 3.737201 4.057666 4.636933 4.644887 4.918690
254 3.390589 5.000000 4.990675 4.260697 4.705442 4.879310 4.957943
255 -1.919953 5.000000 4.990675 4.260697 4.622022 4.534378 4.940991
256 -6.303733 5.000000 4.835284 3.936705 4.688771 4.651672 4.912625
257 -0.399922 5.000000 5.595413 4.540862 4.918525 4.966821 4.959404
258 -0.643083 5.000000 4.835284 3.936705 4.893415 4.857668 4.917188
259 6.080277 5.000000 4.990675 3.936705 4.622022 4.831081 4.918276
260 6.874898 5.000000 3.315534 3.099136 3.873154 4.603781 4.855329
261 4.871720 5.000000 4.990675 3.936705 4.622022 4.644887 4.931465
262 -1.156272 5.000000 5.328340 4.167394 5.001482 4.963970 4.966330
263 -11.091105 5.000000 5.595413 5.260739 5.019805 5.041774 4.981375
264 6.681987 5.000000 5.619820 5.215340 5.019805 5.229324 5.224911
265 -4.581508 5.000000 5.334633 5.636815 5.269179 5.575973 5.253475
266 1.527410 5.000000 5.695144 5.867504 5.586700 5.738940 5.535770
267 -7.188982 5.000000 5.695144 5.867504 5.586700 5.691624 5.443611
268 -0.754286 5.000000 5.385009 5.657474 5.586700 5.661132 5.452097
269 7.822788 5.000000 5.385009 5.657474 5.303160 5.474633 5.263990
270 -7.271588 5.000000 5.385009 5.657474 5.303781 5.712579 5.294837
271 -0.647836 5.000000 5.702634 5.657474 5.303781 5.770878 5.322557
272 -0.383459 5.000000 5.695144 5.657474 5.303160 5.752622 5.320580
273 5.063808 5.000000 5.702634 5.657474 5.054122 5.737772 5.325291
274 -4.241238 5.000000 5.702634 5.657474 5.054122 5.737772 5.325265
275 0.107873 5.000000 5.696942 5.543813 5.364874 5.874387 5.428538
276 -4.490366 5.000000 5.702634 5.543813 5.342140 5.947527 5.431649
277 4.210545 5.000000 5.695144 5.628783 5.344592 5.884553 5.398343
278 1.230910 5.000000 5.769927 5.888162 5.994389 5.960932 5.487853
279 1.256412 5.000000 5.769927 5.888162 5.994389 6.036620 5.489710
280 1.324993 5.000000 5.696942 5.628783 5.428206 5.960932 5.407547
281 5.724715 5.000000 5.696942 5.620125 5.344592 5.752622 5.310821
282 3.701784 5.000000 5.539120 5.543813 5.344581 5.707877 5.270076
283 -3.394856 5.000000 5.674248 5.703303 5.479595 5.960932 5.427475
284 -11.404739 5.000000 5.539120 5.543813 5.294530 5.682901 5.193445
285 -4.213370 5.000000 5.539120 5.543813 5.294530 5.682901 5.193502
286 11.059266 5.000000 5.377961 5.518625 5.335961 5.605745 5.180578
287 -4.275216 5.000000 5.220139 5.518625 5.277917 5.646749 5.166872
288 -10.902450 5.000000 5.327585 5.512708 5.175387 5.335664 5.087248
289 -6.415396 5.000000 5.377961 5.518625 5.843820 5.706934 5.359813
290 -4.233255 5.000000 5.327585 5.114187 5.640505 5.356382 5.207455
291 3.203285 5.000000 5.520715 5.108270 5.303781 5.082667 5.118572
292 -0.243010 5.000000 5.312485 5.108270 4.981409 5.063582 5.124535
293 -2.292388 5.000000 5.312485 5.108270 5.554852 5.074195 5.127643
294 -0.988202 5.000000 5.312485 5.108270 5.554852 5.106748 5.150840
295 -8.617249 5.000000 5.006661 5.093529 4.383496 5.035319 5.123388
296 0.682730 5.000000 5.109485 5.093529 5.084121 5.038606 5.121570
297 3.351886 5.000000 4.978758 4.610367 4.383496 4.867844 5.100909
298 5.708072 5.000000 4.672934 4.205568 4.902923 4.722350 5.042756
299 -1.390486 5.000000 4.920140 4.610367 5.113957 5.106748 5.262576
300 -3.561594 5.000000 5.109485 5.014805 5.128198 5.391971 5.332633
301 3.340206 5.000000 5.126282 5.497967 5.718812 5.706934 5.461842
302 -4.961103 5.000000 5.010479 5.093529 5.336958 5.511373 5.372576
303 -9.348193 5.000000 5.010479 5.093529 5.336958 5.577010 5.400782
304 -0.853739 5.000000 5.010479 5.093529 5.336958 5.589529 5.401533
305 6.683526 5.000000 5.064071 4.687134 5.211245 5.399548 5.158954
306 1.934211 5.000000 4.920140 4.938380 5.292158 5.570167 5.318262
307 -1.084508 5.000000 4.920140 4.938380 5.128198 5.473333 5.102231
308 2.111639 5.000000 4.803662 4.432619 5.084121 5.356382 5.074232
309 -11.472716 5.000000 4.076637 4.175442 4.902923 5.279437 4.908097
310 2.657706 5.000000 4.076637 4.175442 4.902923 5.106748 4.849805
311 0.815234 5.000000 3.957296 4.008303 4.853005 4.881096 4.800551
312 0.732248 5.000000 4.076637 4.016961 5.084121 5.279437 5.139921
313 -2.066920 5.000000 4.150052 4.016961 5.084121 5.371390 5.140675
314 5.820691 5.000000 4.003762 3.636978 4.853005 5.304413 5.137616
315 -0.036735 5.000000 3.837284 3.636978 4.363936 5.184403 5.129738
316 -0.817591 5.000000 3.837284 3.636978 4.363936 5.058771 4.955603
317 1.751958 5.000000 4.439564 4.138418 4.853005 5.159427 4.987217
318 -1.279063 5.000000 5.281118 5.146236 5.283907 5.473333 5.278802
319 9.049142 5.000000 4.273087 4.138418 5.283907 5.251880 5.229896
320 5.217183 5.000000 4.439564 4.138418 4.853005 5.294091 5.217850
321 -8.288637 5.000000 4.439564 4.138418 4.853005 5.228289 5.211998
322 -2.776235 5.000000 5.114641 4.559194 5.348747 5.204853 5.231451
323 4.875258 5.000000 5.114641 4.559194 5.348747 5.294091 5.267383
324 -3.458497 5.000000 4.439564 4.426764 4.955135 4.978755 5.026550
325 2.761264 5.000000 4.439564 4.426764 4.955135 4.978755 5.036502
326 8.652122 5.000000 4.413978 4.138418 4.772958 4.711363 4.968877
327 5.928311 5.000000 4.413978 4.138418 4.772958 4.718688 4.967719
328 1.889721 5.000000 4.865704 4.426764 4.955135 5.182514 5.443802
329 7.320146 5.000000 4.439564 4.426764 5.283907 5.178847 5.459672
330 -4.416639 5.000000 4.413978 4.136959 4.772958 4.641304 5.065697
331 -1.036730 5.000000 4.273087 4.136959 4.487097 4.534561 5.067312
332 12.419299 5.000000 4.337910 4.136959 4.487097 4.591389 5.067146
333 1.658067 5.000000 4.515632 4.426764 4.631147 4.915916 5.186128
334 3.515730 5.000000 5.179464 4.847541 5.040168 5.142322 5.224802
335 0.927521 5.000000 4.515632 4.559194 4.631147 4.730982 5.177288
336 -3.607262 5.000000 5.217139 4.847541 5.040168 4.978755 5.220703
337 -2.634539 5.000000 5.455767 5.433643 5.314278 5.228289 5.232270
338 12.181637 5.000000 5.455767 5.433643 5.314278 5.228289 5.235794
339 -0.158993 5.000000 5.455767 5.433643 5.314278 5.293852 5.251487
340 1.784266 5.000000 5.217139 4.847541 4.567238 4.804339 5.114469
341 -3.287667 5.000000 5.179464 4.646519 4.715363 5.159204 5.308371
342 -2.752338 5.000000 4.625905 4.559194 4.434477 4.730982 5.099029
343 -6.136168 5.000000 4.663580 4.570761 4.487097 4.798812 5.122461
344 3.904704 5.000000 4.477957 4.541376 4.487097 4.739118 5.107991
345 -1.675977 5.000000 4.477957 4.541376 4.825596 5.142322 5.640669
346 3.096701 5.000000 4.477957 4.541376 4.641262 4.959511 5.634822
347 1.605890 5.000000 4.419186 4.282415 4.359785 4.645731 5.504573
348 15.544441 5.000000 4.419186 4.282415 4.322957 4.629714 5.467235
349 -1.288100 5.000000 4.470853 4.559194 4.497622 4.915916 5.609190
350 -0.229852 5.000000 4.456861 4.248568 4.439661 4.609383 5.510586
351 0.329253 5.000000 3.901263 3.971789 4.065422 4.449698 5.462203
352 0.858956 5.000000 3.859952 3.971789 3.929714 4.288101 5.457372
353 -5.500308 5.000000 3.901263 4.034029 3.929714 4.166432 5.154648
354 -3.892115 5.000000 4.333399 4.034029 4.199089 4.275990 5.164648
355 0.884368 5.000000 4.456861 4.034029 4.311449 4.343885 5.180551
356 5.834929 5.000000 4.778057 4.121353 4.497622 4.469879 5.218446
357 4.695344 5.000000 4.304709 4.034029 4.311449 4.372944 5.182654
358 2.807291 5.000000 4.304709 4.121353 4.311449 4.427750 5.216447
359 -2.261169 5.000000 4.304709 4.121353 4.005256 4.372944 4.974854
360 0.642313 5.000000 4.456861 4.335893 3.978050 4.469879 5.005713
361 -8.654712 5.000000 4.470853 4.796260 4.175938 4.731294 5.131351
362 -0.092398 5.000000 4.433178 4.541376 4.186231 4.915916 5.299535
363 6.487920 5.000000 4.419186 4.395123 4.136632 4.731294 5.273712
364 3.865063 5.000000 4.419186 4.395123 4.136632 4.731294 5.280065
365 -14.569866 5.000000 4.371074 4.285903 4.136632 4.709270 5.269798
366 1.053951 5.000000 4.419186 4.432156 4.504785 4.742014 5.332498
367 1.379787 5.000000 4.470853 4.603911 4.474791 4.851329 5.339864
368 3.874501 5.000000 4.625905 4.713131 4.667231 5.173955 5.387031
369 -7.232712 5.000000 4.648220 4.603911 4.322957 4.709270 4.827389
370 1.757142 5.000000 4.778057 4.848752 4.463610 4.842387 4.895612
371 2.634704 5.000000 4.792049 5.538047 4.667231 5.068787 4.955838
372 1.748700 5.000000 4.756907 5.538047 4.633249 5.047151 4.956826
373 -2.823149 5.000000 4.963795 5.538047 4.667231 5.148903 4.972983
374 -2.063877 5.000000 5.072482 4.957972 4.889501 5.305669 5.113165
375 4.417386 5.000000 4.756907 4.870919 4.722181 5.313927 5.083906
376 -3.752995 5.000000 4.756907 4.870919 4.899794 5.228880 5.089637
377 0.589799 5.000000 4.778057 4.761699 4.837104 5.133296 5.018975
378 -4.463349 5.000000 4.855914 4.408166 4.903747 5.172565 5.034793
379 6.907824 5.000000 4.855914 4.408166 4.802487 5.148903 5.020191
380 3.717728 5.000000 4.855914 4.408166 4.727607 5.131172 5.010025
381 7.597070 5.000000 5.427210 5.097461 4.972918 5.173955 5.116314
382 9.747758 5.000000 5.427210 5.097461 4.972918 5.073570 4.992504
383 -0.360552 5.000000 5.236867 5.097461 5.078670 5.049937 4.992743
384 -6.328120 5.000000 5.029643 4.735202 5.173245 4.858752 4.896177
385 3.123386 5.000000 5.029643 4.735202 5.173245 4.988539 4.961658
386 -4.982464 5.000000 4.958070 4.501532 5.078670 4.858752 4.565345
387 -2.492864 5.000000 5.029643 4.501532 5.002814 4.869931 4.577641
388 5.177591 5.000000 5.029643 4.501532 5.002814 4.858752 4.575117
389 -0.220782 5.000000 4.440774 4.139272 5.002814 4.802576 4.551337
390 -5.183332 5.000000 4.440774 4.139272 5.002814 4.599155 4.465799
391 -4.813882 5.000000 5.029643 4.501532 5.301365 4.737383 4.540566
392 0.715621 5.000000 5.293875 5.097461 5.222898 4.737383 4.609255
393 -2.705716 5.000000 5.592584 5.624047 5.364765 5.034031 4.987675
394 9.502533 5.000000 5.592584 5.624047 5.324491 5.065919 4.980714
395 -2.090813 5.000000 6.175048 6.064632 5.470516 5.173955 5.026604
396 1.972222 5.000000 5.954235 5.624047 5.430242 5.034031 4.974397
397 -1.214261 5.000000 6.175048 5.805547 5.596937 5.323906 5.236500
398 -5.184635 5.000000 6.175048 5.805547 5.596937 5.313927 5.242685
399 1.471915 5.000000 6.046467 5.805547 5.646401 5.350998 5.211639
400 -0.936050 5.000000 5.165294 5.301113 5.528275 5.209911 5.087036
401 -6.740659 5.000000 5.165294 5.301113 5.561079 5.301063 5.203150
402 -4.846911 5.000000 4.156424 5.191195 5.528275 5.174001 5.066682
403 -0.447279 5.000000 3.936586 4.952190 4.829758 4.829573 4.804838
404 -2.949098 5.000000 4.285006 4.952190 5.347469 4.858752 4.825368
405 6.255510 5.000000 4.045008 4.286611 4.829758 4.829573 4.769609
406 7.713422 5.000000 4.045008 4.286611 5.347469 5.149333 5.176752
407 -2.094391 5.000000 4.257306 3.997098 4.912404 5.274512 5.177156
408 0.917200 5.000000 4.287655 4.396529 4.954329 5.286284 5.210216
409 2.442914 5.000000 4.257306 4.286611 4.912404 4.862131 5.147818
410 -4.708191 5.000000 4.257306 4.286611 4.912404 5.090271 5.149978
411 5.631424 5.000000 3.914019 3.887179 4.650344 4.839602 5.092908
412 -5.421105 5.000000 4.331485 3.816679 4.573163 5.072900 5.089364
413 -12.296347 5.000000 4.552420 3.816679 4.573163 5.103898 5.097737
414 -2.205921 5.000000 4.552420 3.997098 4.573163 5.184600 5.153410
415 4.503806 5.000000 4.387065 3.997098 4.484631 4.857745 4.962289
416 -0.077589 5.000000 4.630346 4.272474 4.437477 4.957424 5.003673
417 -11.206864 5.000000 4.552420 4.272474 4.484631 4.839602 4.996563
418 1.500243 5.000000 5.381754 4.272474 4.609187 4.956988 5.013333
419 1.812451 5.000000 4.552420 4.136224 4.484631 4.724219 4.940300
420 0.434045 5.000000 5.172976 4.272474 4.961299 5.096248 5.236862
421 7.684015 5.000000 5.445477 4.671906 4.962531 5.205085 5.297417
422 2.294635 5.000000 5.381754 4.652682 4.609187 5.017013 5.215906
423 0.864640 5.000000 5.381754 4.652682 4.609187 4.986194 5.207489
424 -3.487923 5.000000 5.381754 4.652682 4.609187 5.072900 5.209310
425 2.814391 5.000000 4.552420 4.516431 4.519173 5.090271 5.196782
426 12.837914 5.000000 4.343642 4.671906 4.279213 4.986194 5.141610
427 4.761137 5.000000 4.289523 4.396529 4.192072 4.752178 4.992292
428 -4.477532 5.000000 4.043526 4.671906 4.279213 4.551350 5.018673
429 1.303452 5.000000 4.351943 4.671906 4.279213 4.688257 5.016155
430 -1.099795 5.000000 5.048072 4.671906 4.364926 4.662450 4.997656
431 1.539987 5.000000 4.289523 4.136224 4.243410 4.415913 4.956182
432 4.900701 5.000000 4.024678 3.750929 4.188295 4.134028 4.869178
433 2.157716 5.000000 3.529107 3.336262 4.065719 3.945399 4.805683
434 -5.373555 5.000000 3.511712 3.135109 3.910426 3.763098 4.404351
435 3.369386 5.000000 3.752517 3.063013 3.935502 3.686000 4.393520
436 4.774591 5.000000 3.752517 3.063013 4.033002 3.742874 4.957682
437 0.723821 5.000000 3.752517 3.063013 3.935502 3.742874 4.957018
438 -2.765298 5.000000 3.099484 3.040700 3.310097 3.561608 4.590831
439 -0.110626 5.000000 3.099484 3.040700 3.310097 3.529767 4.589366
440 -10.941173 5.000000 3.099484 3.040700 3.310097 3.529767 4.587770
441 -5.199335 5.000000 2.918419 3.040700 3.310097 3.561608 4.590097
442 3.327284 5.000000 3.099484 2.939203 3.310097 3.478121 4.470489
443 -4.480336 5.000000 3.099484 2.631717 3.310097 3.478121 4.465326
444 -0.918793 5.000000 3.012703 2.631717 3.310097 3.442915 4.465203
445 -1.934569 5.000000 2.703698 2.608728 3.131815 3.231079 4.419449
446 -3.999568 5.000000 2.416004 2.540414 2.933102 3.099830 4.405615
447 -1.807214 5.000000 2.068133 2.528496 2.827115 2.969671 3.948695
448 3.451138 5.000000 2.044298 2.458291 2.553253 2.685466 3.882998
449 -0.773710 5.000000 2.044298 2.131967 2.428477 2.591104 3.820045
450 -0.210281 1.000000 2.044298 2.131967 2.251567 2.591104 3.816161
451 1.634693 1.000000 1.929772 2.179489 2.395212 2.580917 3.816587
452 0.099787 1.000000 2.044298 2.179489 2.218302 2.565652 3.811095
453 1.399718 1.000000 2.058885 2.455542 2.218302 2.572988 4.475544
454 -1.837313 1.000000 2.013519 2.418743 2.115226 2.423295 4.462064
455 1.536279 1.000000 2.013519 2.092419 2.101201 2.210105 4.390144
456 15.461575 1.000000 1.942993 2.027986 2.082939 2.139251 4.352843
457 0.245996 1.000000 1.927281 1.765415 2.069165 2.022400 4.276809
458 0.063799 1.000000 1.980637 1.765415 2.035218 2.099358 4.274333
459 0.845947 1.000000 1.913268 1.657701 1.858039 1.964217 4.260197
460 1.486638 1.000000 1.927281 1.765415 2.035218 2.101232 4.270235
461 1.742924 1.000000 1.912745 1.657701 1.843216 1.932605 3.927183
462 -1.776202 1.000000 1.839378 1.863433 1.734962 1.861585 3.855941
463 1.650770 1.000000 1.912745 1.657701 1.670353 1.790977 3.826878
464 0.255835 1.000000 1.783879 1.600862 1.628975 1.709738 3.765389
465 1.045515 1.000000 1.783879 1.600862 1.628975 1.688697 3.763496
466 0.710777 1.000000 1.725297 1.469406 1.484396 1.591194 3.751352
467 -0.936687 1.000000 1.652247 1.418806 1.454122 1.499168 3.696021
468 0.742553 1.000000 1.652247 1.418806 1.380636 1.481326 3.689802
469 -1.335997 1.000000 1.497032 1.270866 1.359474 1.374527 3.651517
470 0.333081 1.000000 1.477478 1.270866 1.315445 1.306576 3.649411
471 1.604094 1.000000 1.477478 1.270866 1.315445 1.315489 3.649156
472 0.196511 1.000000 1.200154 1.231242 1.145298 1.261929 3.641195
473 -15.658232 1.000000 1.492264 1.270866 1.315445 1.388793 3.666623
474 0.792495 1.000000 1.185369 1.270866 1.177150 1.366498 3.662891
475 -1.114018 1.000000 1.175309 1.208340 1.177150 1.380593 3.665994
476 -0.475007 1.000000 1.175309 1.208340 1.145298 1.354679 3.662644
477 -0.760521 1.000000 1.175309 1.208340 1.069780 1.274487 2.736621
478 -1.190693 1.000000 1.237276 1.208340 1.162648 1.312312 2.736617
479 0.320925 1.000000 1.237276 1.208340 1.162648 1.304296 2.736947
480 -2.307515 1.000000 1.212431 1.208340 1.138404 1.302200 2.732584
481 0.252781 1.000000 1.153849 1.151250 1.100690 1.252087 2.719429
482 1.865834 1.000000 1.134726 1.194220 1.098508 1.195271 2.705248
483 -1.692357 1.000000 1.134726 1.194220 1.098508 1.188332 2.698193
484 -0.868428 1.000000 1.073418 1.170664 1.089281 1.154155 2.680321
485 -0.489642 1.000000 1.078218 1.194220 1.164161 1.195271 2.693005
486 0.236023 1.000000 1.072278 1.170664 1.089281 1.173121 2.685026
487 0.371736 1.000000 1.072278 0.987914 1.080448 1.163880 2.681108
488 -1.254621 1.000000 1.073418 1.114228 1.009357 1.188784 2.686777
489 -0.031377 1.000000 1.186457 0.907922 1.138735 1.188784 2.682394
490 -0.222826 1.000000 1.072278 0.900546 1.004602 1.138235 2.678284
491 0.008775 1.000000 1.186457 1.143874 1.098508 1.176948 2.689050
492 0.464250 1.000000 1.186457 1.143874 1.098508 1.162788 2.678840
493 2.802897 1.000000 1.189422 1.143874 1.126600 1.175016 2.678260
494 0.869507 1.000000 1.085500 1.080370 1.080448 1.107148 1.071941
495 2.349648 1.000000 1.125806 0.900546 1.032490 1.097603 1.081688
496 1.099712 1.000000 1.085500 0.837042 1.080448 1.065844 1.067468
497 1.266472 1.000000 1.088466 0.932983 1.022144 1.065844 1.067622
498 -0.581749 1.000000 1.078218 1.075816 1.034653 1.124375 1.092542
499 0.183612 1.000000 1.078218 1.075816 1.034653 1.093282 1.084930
500 0.142260 1.000000 1.088466 1.075816 1.022144 1.067466 1.085543
501 -0.085219 1.000000 1.073418 1.007537 0.925369 1.017065 1.014907
502 -1.249745 1.000000 1.073418 1.007537 0.943281 1.050149 1.018502
503 -1.112341 1.000000 0.997719 0.981448 0.943281 1.061808 1.103952
504 -0.421823 1.000000 0.997719 0.981448 0.943281 1.027143 1.074166
505 1.425884 1.000000 1.073418 1.007537 0.920746 1.032999 1.070014
506 0.069254 1.000000 1.061713 1.008918 0.978240 1.059877 1.089199
507 0.173353 1.000000 1.119516 1.041781 1.049548 1.128557 1.145746
508 0.938138 1.000000 1.090886 1.041781 1.043157 1.133280 1.145720
509 -0.750569 1.000000 1.090886 1.041781 1.043157 1.121444 1.139363
510 0.067254 1.000000 1.119516 1.041781 1.006157 1.133280 1.142146
511 1.352565 1.000000 1.112230 1.041781 1.052769 1.134882 1.141073
512 0.889468 1.000000 1.053011 1.041781 1.080448 1.125722 1.140414
513 -0.664905 1.000000 1.053011 1.041781 1.104522 1.134882 1.143359
514 -0.471544 1.000000 0.963271 1.008918 1.063664 1.052303 1.072888
515 -1.162472 1.000000 1.112230 1.090613 1.009540 1.067466 1.089835
516 0.288422 1.000000 1.112230 1.090613 1.009540 1.057772 1.065324
517 0.593672 1.000000 1.061713 1.067702 0.962455 1.052303 1.055861
518 1.797173 1.000000 1.045065 1.067228 0.964114 1.050149 1.045766
519 -0.910366 1.000000 1.045065 1.048787 0.964114 1.050149 1.045345
520 -0.170271 1.000000 1.061043 1.048787 0.980201 1.044728 1.047216
521 0.538727 1.000000 1.045065 1.048787 0.980201 1.031639 1.048434
522 0.742206 1.000000 1.045065 1.048787 1.020586 1.031639 1.050677
523 -3.051487 1.000000 1.014944 0.985534 0.964894 0.979797 1.027336
524 -0.682138 1.000000 0.998268 0.973059 0.962455 0.975757 1.019779
525 0.933800 1.000000 0.950955 0.973059 0.951256 0.940912 1.015302
526 1.629978 1.000000 0.909526 0.972585 0.962171 0.914593 1.001206
527 2.480905 1.000000 0.932541 0.985534 0.964894 0.940912 1.019382
528 0.153676 1.000000 0.998268 1.048787 1.030724 0.940912 1.028396
529 -1.048369 1.000000 0.998268 1.048787 1.112643 0.970398 1.052656
530 0.857923 1.000000 0.956838 0.986008 1.123092 1.051045 2.652727
531 0.702038 1.000000 0.956838 0.986008 1.127931 1.056405 2.654764
532 0.483993 1.000000 0.932541 0.985534 1.089465 1.027175 2.653062
533 0.858562 1.000000 0.998268 0.985534 1.127151 1.057754 2.656292
534 0.479959 1.000000 0.909526 0.972585 1.069988 1.063013 2.653079
535 -1.118587 1.000000 0.895336 0.897648 1.069988 1.051045 2.651571
536 1.778968 1.000000 0.886720 0.890553 1.047198 0.980895 2.640665
537 0.056305 1.000000 0.901056 0.897648 1.144511 1.082007 2.661266
538 -0.454076 1.000000 0.957365 0.897648 1.036490 1.061768 2.662966
539 -0.556872 1.000000 0.957365 0.897648 1.036490 1.041062 2.656623
540 -0.265134 1.000000 0.901056 0.890553 1.112643 1.030154 2.647348
541 0.451695 1.000000 0.901056 0.890553 1.127151 1.008409 2.647745
542 -0.352988 1.000000 0.901056 0.890553 1.061264 0.999284 2.648347
543 0.260478 1.000000 0.957365 0.897648 1.036490 1.041263 2.666717
544 1.238717 1.000000 1.038295 0.891027 1.036490 0.977273 2.608369
545 0.492358 1.000000 1.038295 0.891027 1.036490 1.041062 2.616674
546 -0.329513 1.000000 0.957365 0.897648 0.987749 1.033279 2.622681
547 -1.028432 1.000000 0.970511 0.969674 0.959953 0.968247 2.623117
548 -0.693736 1.000000 0.874178 0.857027 0.945648 0.916548 2.603750
549 1.782936 1.000000 0.942936 0.857027 0.987749 0.937164 2.603574
550 15.818794 1.000000 0.874178 0.782090 0.953131 0.905967 2.594181
551 -0.255493 1.000000 0.802867 0.757416 0.913007 0.886705 2.594710
552 0.032752 1.000000 0.802867 0.713530 0.913007 0.875255 2.594504
553 1.442903 1.000000 0.817254 0.713530 0.878542 0.860304 2.596434
554 -0.343417 1.000000 0.817254 0.713530 0.878542 0.864776 2.597031
555 -0.303262 1.000000 0.817254 0.713530 0.823233 0.845104 2.597463
556 -0.268796 1.000000 0.774383 0.713530 0.798197 0.822710 2.590808
557 -1.543759 1.000000 0.751394 0.775898 0.748980 0.805205 2.590720
558 -0.070619 1.000000 0.781834 0.788467 0.756806 0.824487 2.591346
559 1.054617 1.000000 0.834670 0.713530 0.874077 0.834041 2.587819
560 0.853996 1.000000 0.835712 0.706435 0.910085 0.835011 2.583300
561 -0.226444 1.000000 0.849057 0.713530 0.916851 0.873077 2.587618
562 0.188203 1.000000 0.867516 0.882915 0.941887 0.920355 2.606325
563 -1.475397 1.000000 0.867516 0.882915 0.941887 0.924734 2.606878
564 1.306774 1.000000 0.923834 0.926801 0.953131 0.951755 2.611340
565 -1.242503 1.000000 0.867516 0.882915 0.922189 0.920355 2.608540
566 -0.621848 1.000000 0.929559 0.912836 0.894256 0.926640 2.622731
567 -0.642380 1.000000 0.933376 0.928056 0.966058 0.976884 2.632097
568 0.609551 1.000000 0.983283 0.956722 0.955139 0.985566 2.626332
569 0.668753 1.000000 0.951479 0.926801 0.938918 0.964261 2.621618
570 -0.115041 1.000000 0.879498 0.882915 0.916851 0.914806 2.611912
571 -0.049168 1.000000 0.867516 0.900267 0.903496 0.852394 0.844950
572 0.592595 1.000000 0.879498 0.900267 0.860845 0.852394 0.844481
573 -0.191465 1.000000 0.879498 0.900267 0.898372 0.901035 0.847517
574 0.986086 1.000000 0.849057 0.842384 0.806022 0.825155 0.812627
575 0.130059 1.000000 0.849057 0.842384 0.806022 0.834041 0.811912
576 -0.581485 1.000000 0.879498 0.857604 0.875408 0.914806 0.865156
577 -0.954385 1.000000 0.951479 0.931466 0.923408 0.955787 0.907232
578 0.873495 1.000000 0.934416 0.915487 0.923408 0.975591 0.923398
579 0.514512 1.000000 0.959554 0.989350 0.938532 1.017289 0.940851
580 0.236322 1.000000 0.934416 0.931466 0.915476 0.975591 0.922564
581 -0.742019 1.000000 0.896561 0.913349 0.883543 0.964261 0.914375
582 -1.569790 1.000000 0.900868 0.913349 0.867634 0.964261 0.914680
583 -0.428112 1.000000 0.930109 0.931466 0.915476 1.071690 1.037852
584 1.362854 1.000000 0.930109 0.931466 0.915476 1.096653 1.137038
585 0.014266 1.000000 0.930109 0.931466 0.939227 1.125413 1.334542
586 -1.379133 1.000000 0.930109 0.931466 0.955731 1.138339 1.357751
587 -1.228347 1.000000 0.955247 1.088893 0.972625 1.147308 1.366202
588 1.129630 1.000000 1.043020 1.256805 1.007069 1.148425 1.389272
589 0.000026 1.000000 1.048593 1.256805 1.063383 1.205405 1.692282
590 0.315187 1.000000 1.044287 1.238687 1.036973 1.177336 1.689192
591 -1.197582 1.000000 1.350878 1.251058 1.181140 1.273989 1.795091
592 -0.034754 1.000000 1.359141 1.273864 1.329732 1.317496 1.808411
593 0.397784 1.000000 1.598342 1.224727 1.460323 1.408617 1.870814
594 -0.037659 1.000000 1.614428 1.317228 1.508528 1.589512 2.014759
595 -0.217015 1.000000 1.453790 1.255999 1.516079 1.564340 2.005114
596 -2.014863 1.000000 1.499403 1.317228 1.657350 1.668902 2.140207
597 -1.887054 1.000000 1.668696 1.385642 1.761323 1.818586 2.192964
598 1.641117 1.000000 1.765318 1.403759 1.931545 1.901629 2.218456
599 -1.254351 1.000000 1.707249 1.385642 1.924872 1.825985 2.214361
600 0.108400 3.000000 1.827246 1.385642 1.924872 1.954925 2.222985
601 0.490072 3.000000 1.892251 1.859746 1.924987 2.096900 2.242326
602 0.008793 3.000000 1.892251 1.859746 1.924987 2.096900 2.240242
603 2.997641 3.000000 1.916353 1.860109 1.973322 2.215651 2.256421
604 -3.347985 3.000000 1.916353 1.860109 1.973322 2.215651 2.257366
605 4.543545 3.000000 1.916353 1.860109 1.973322 2.302730 2.261569
606 -2.034774 3.000000 1.988873 2.129106 2.103072 2.396861 2.275871
607 -1.180894 3.000000 2.162972 2.122085 2.185209 2.411543 2.286230
608 -1.783292 3.000000 2.450041 2.141361 2.199375 2.461461 2.326376
609 6.100999 3.000000 2.474552 2.146410 2.237281 2.540909 2.379937
610 -0.102829 3.000000 2.484649 2.243061 2.265744 2.601845 2.420237
611 -3.885730 3.000000 2.592387 2.481996 2.424726 2.658816 2.467381
612 -1.493656 3.000000 2.592387 2.481996 2.424726 2.644251 2.466087
613 -3.297359 3.000000 2.613389 2.481996 2.580747 2.699986 2.471461
614 -5.008837 3.000000 2.588080 2.481996 2.528738 2.699986 2.473525
615 -0.869117 3.000000 2.645296 2.659393 2.698299 2.808248 2.554917
616 4.425439 3.000000 2.645296 2.659393 2.729840 2.762799 2.556960
617 2.807595 3.000000 2.613389 2.481996 2.780789 2.740275 2.536087
618 2.108389 3.000000 2.613389 2.481996 2.780789 2.701181 2.534669
619 -0.685891 3.000000 2.550970 2.616546 2.660747 2.685061 2.539093
620 1.254902 3.000000 2.575480 2.659393 2.848193 2.906569 2.735396
621 1.771498 3.000000 2.846728 2.729457 2.868415 2.906569 2.747831
622 -0.302315 3.000000 2.885491 2.729457 2.868415 2.896194 2.758460
623 2.242549 3.000000 2.885491 2.729457 2.970128 2.903450 2.769875
624 -0.595095 3.000000 2.885491 2.704880 2.970128 2.865029 2.748574
625 1.617774 3.000000 2.885491 2.704880 2.916815 2.725071 2.721230
626 1.634306 3.000000 2.860391 2.490523 2.780789 2.618938 2.623792
627 2.093815 3.000000 2.860391 2.486965 2.780789 2.555220 2.609599
628 -2.924627 3.000000 2.821627 2.486965 2.767425 2.606765 2.605268
629 3.448153 3.000000 2.846728 2.486965 2.780789 2.689642 2.619958
630 2.966387 3.000000 2.860391 2.385265 2.668373 2.509029 2.436651
631 3.287939 3.000000 2.901382 2.388823 2.807509 2.593412 2.725013
632 -1.109032 3.000000 2.901382 2.388823 2.885745 2.620717 2.763630
633 1.392653 3.000000 2.901382 2.560515 2.917290 2.739487 2.776920
634 -0.328460 3.000000 2.901382 2.560515 2.917290 2.693841 2.766323
635 -3.796088 3.000000 2.910002 2.490523 2.913214 2.580587 2.725111
636 -0.564299 3.000000 2.871239 2.490523 2.921761 2.618938 2.729533
637 1.171487 3.000000 2.910002 2.560515 2.953642 2.683576 3.876342
638 -1.819781 3.000000 2.879141 2.708212 2.877988 2.683576 3.838504
639 -1.435856 3.000000 2.758637 2.695662 2.676878 2.620717 3.809517
640 -6.438690 3.000000 2.879141 2.708212 2.875264 2.624484 3.831074
641 -1.588172 3.000000 2.901382 2.720467 2.877988 2.618938 3.850043
642 -1.583372 3.000000 2.901382 2.720467 2.959294 2.749752 3.968964
643 1.600844 3.000000 2.901382 2.720467 3.238340 2.743285 3.979167
644 2.060660 3.000000 2.901382 2.720467 3.238340 2.743285 3.981488
645 -2.295968 3.000000 3.210046 2.913512 3.539941 2.848598 3.997507
646 -0.178108 3.000000 3.011935 2.913512 3.231812 2.758265 3.981881
647 -1.014658 3.000000 3.011935 2.918731 3.231812 2.758265 3.982202
648 0.607130 3.000000 2.949265 2.888707 2.875264 2.743285 3.953410
649 -2.506250 3.000000 3.011935 2.695662 3.059425 2.718478 3.958630
650 -1.403625 3.000000 3.011935 2.598099 3.053427 2.689642 3.910942
651 -8.028533 3.000000 2.924752 2.541330 2.762414 2.538213 3.861135
652 -4.946371 3.000000 2.714866 2.377379 2.676878 2.365749 3.809720
653 -2.455768 3.000000 2.919289 2.541330 3.033267 2.475046 3.847652
654 -2.849491 3.000000 2.720328 2.377379 3.033267 2.492932 3.838198
655 3.219823 3.000000 2.919289 2.598099 3.193748 2.528325 3.872865
656 0.954373 3.000000 2.567376 2.499020 3.149137 2.249963 3.853050
657 -18.565652 3.000000 2.919289 2.598099 3.193748 2.492932 3.884630
658 -2.035554 3.000000 2.919289 2.598099 3.193748 2.365749 3.887860
659 -1.485858 3.000000 2.755101 2.598099 3.189256 2.446993 3.885785
660 1.641346 3.000000 2.697527 2.695662 2.976980 2.446993 3.914385
661 2.337248 3.000000 2.565077 2.596583 2.905234 2.207343 3.819874
662 5.797985 3.000000 2.542671 2.626607 2.351580 2.365749 3.868440
663 1.092394 3.000000 2.542671 2.725686 2.434436 2.446993 3.907315
664 2.363627 3.000000 2.567210 2.735403 2.722161 2.725088 3.975097
665 -3.046177 3.000000 2.581780 2.735403 2.722161 2.957221 4.026025
666 -1.901898 3.000000 2.513546 2.636324 2.708998 2.781497 4.025248
667 1.654455 3.000000 2.536907 3.044049 2.943128 2.781497 4.051945
668 -1.034876 3.000000 2.536907 3.044049 2.947405 2.781497 4.051962
669 1.469234 3.000000 2.924490 3.044049 3.033051 2.697463 4.063035
670 1.062924 3.000000 2.502937 2.735639 2.561448 2.539779 4.049163
671 -1.018342 3.000000 2.502937 3.044049 2.577433 2.659349 4.082257
672 0.692775 3.000000 2.100257 2.735639 2.411250 2.452413 3.885650
673 2.370975 3.000000 1.939318 2.401326 2.241089 2.339270 3.814896
674 0.680703 3.000000 1.939318 2.401326 2.241089 2.339270 3.813503
675 2.353799 3.000000 1.939318 2.401326 2.241089 2.372086 3.867918
676 0.622243 3.000000 1.928424 2.401326 2.046340 2.313725 3.851750
677 -4.024787 3.000000 1.928424 2.401326 2.101096 2.339270 3.849786
678 1.398995 3.000000 1.928424 2.401326 2.101096 2.195268 2.459831
679 -0.459292 3.000000 1.928424 2.401326 2.101096 2.313725 2.489612
680 2.204468 3.000000 1.884733 2.444471 2.101096 2.350454 2.523394
681 1.206986 3.000000 1.895627 2.487499 2.334113 2.436448 2.548028
682 3.452934 3.000000 2.256842 2.456728 2.411250 2.496133 2.577908
683 -4.155428 3.000000 2.256842 2.456728 2.334113 2.429935 2.466030
684 4.569687 3.000000 2.446058 2.456728 2.577433 2.470298 2.472619
685 4.303976 3.000000 2.589427 2.456728 2.577433 2.489142 2.477002
686 1.475320 3.000000 2.589427 2.456728 2.577433 2.508606 2.523933
687 2.642578 3.000000 2.589427 2.456728 2.627244 2.509973 2.546866
688 -1.018165 3.000000 2.536907 3.012314 2.815284 2.761247 2.753353
689 1.832124 3.000000 2.536645 3.012314 2.705022 2.664034 2.747922
690 0.728376 3.000000 2.518746 3.012314 2.752862 2.888544 2.743551
691 -3.682597 3.000000 2.592674 3.448745 3.003536 2.999890 2.797642
692 0.075563 3.000000 2.592674 3.448745 2.983071 2.897447 2.794217
693 1.913475 3.000000 2.703985 3.448745 3.003536 2.919299 2.793748
694 -2.373089 3.000000 2.776077 3.393343 2.928443 2.993320 2.774841
695 -4.928370 3.000000 3.267123 3.393343 3.040472 2.999890 2.772328
696 2.279204 3.000000 3.228184 3.177630 3.059849 2.999890 2.752379
697 0.481364 3.000000 3.360464 3.258577 2.985805 3.060622 2.788998
698 -1.784352 3.000000 3.288980 3.393343 3.118642 3.130957 4.154187
699 -3.019125 3.000000 3.580452 3.474290 3.248101 3.292068 4.253630
700 3.809892 3.000000 3.651936 3.474290 3.118954 3.292068 4.253050
701 3.068653 3.000000 3.651936 3.529691 3.209772 3.299164 4.271650
702 -2.482284 3.000000 3.651936 3.529691 3.220083 3.316380 4.276435
703 2.882974 3.000000 3.360464 3.258577 3.187937 3.230511 4.247706
704 -0.921465 3.000000 3.228184 3.177630 3.115824 3.140602 4.195075
705 2.572128 3.000000 3.168368 3.117324 2.948163 3.038754 4.137857
706 -4.217676 3.000000 3.201911 3.179300 2.982675 2.909659 4.105819
707 -2.768101 3.000000 3.239852 3.198271 2.985805 3.059858 4.146381
708 -6.526300 3.000000 3.235694 3.179300 3.003536 2.931256 4.139220
709 -0.304908 3.000000 3.201911 3.179300 2.916958 2.909659 4.137100
710 -0.782297 3.000000 2.811942 2.586985 2.692556 2.842997 4.127723
711 -3.562248 3.000000 3.106499 2.959216 2.911837 2.909659 4.134044
712 0.547164 3.000000 3.018246 2.889990 2.732246 2.846009 4.096676
713 -0.585658 3.000000 3.156699 3.110074 2.804846 2.919359 4.113546
714 -1.328922 3.000000 2.811942 2.889990 2.692556 2.846009 4.110689
715 -0.353123 3.000000 3.018246 2.889990 2.732246 2.882257 4.097908
716 -1.559586 3.000000 2.761742 2.513794 2.589684 2.717177 4.027700
717 -3.243840 3.000000 2.761742 2.513794 2.589684 2.702338 4.023627
718 19.863106 3.000000 2.876634 2.571240 2.655020 2.770927 4.030568
719 -5.720992 3.000000 3.018246 2.947436 2.804846 2.900036 4.135098
720 -0.241575 3.000000 3.039515 2.733878 2.830864 2.878981 4.123004
721 3.389403 3.000000 2.855365 2.571240 2.649434 2.801957 4.085030
722 1.806533 3.000000 2.876634 2.889990 2.732246 2.801957 4.080391
723 -1.126151 3.000000 2.855365 2.571240 2.649434 2.818511 4.093769
724 0.648574 3.000000 2.855365 2.571240 2.649434 2.781123 4.076470
725 1.007511 3.000000 2.948174 2.947436 2.725765 2.834541 4.100098
726 -2.869856 3.000000 2.876634 2.889990 2.741013 2.804224 4.078977
727 3.897635 3.000000 2.876634 2.889990 2.741013 2.721434 4.052790
728 -2.388899 3.000000 2.876634 2.889990 2.741013 2.801957 4.074435
729 -0.338777 3.000000 2.876634 2.889990 2.741013 2.770927 4.007605
730 -1.186396 3.000000 2.969444 2.947436 2.772607 2.818511 4.021189
731 1.509644 3.000000 2.948174 2.947436 2.649434 2.801957 4.019758
732 0.144474 3.000000 2.815216 2.571240 2.568901 2.702338 3.980612
733 2.271196 3.000000 2.908025 2.617644 2.683003 2.906037 4.058393
734 -1.881418 3.000000 2.868645 2.617644 2.683003 2.906037 4.056808
735 0.835095 3.000000 2.804062 2.617644 2.780351 2.861612 4.052573
736 -1.116284 3.000000 2.704250 2.733878 2.795581 2.994796 4.079903
737 1.968463 3.000000 2.762149 3.110074 2.859741 3.085075 4.137025
738 1.587137 3.000000 2.762149 3.110074 2.859741 3.074505 4.123536
739 -6.121077 3.000000 3.183628 3.101207 2.859741 3.028435 2.780199
740 2.251272 3.000000 3.036529 2.993840 2.795581 2.881229 2.650197
741 1.379585 3.000000 3.101112 2.993840 2.827970 2.919359 2.652425
742 -2.964491 3.000000 2.908025 2.947436 2.813371 2.846009 2.592848
743 3.107060 3.000000 2.861358 2.947436 2.813371 2.846009 2.589043
744 1.649736 3.000000 2.821978 2.947436 2.780351 2.821071 2.586465
745 -2.974466 3.000000 2.821978 2.947436 2.702828 2.836899 2.582718
746 -0.764166 3.000000 2.821978 2.947436 2.479890 2.871637 2.574512
747 -2.980226 3.000000 2.821978 2.947436 2.702828 2.882671 2.681601
748 -3.878759 3.000000 2.861358 2.997357 2.702828 2.861612 2.642274
749 -4.517339 3.000000 2.821978 3.054803 2.827970 2.919359 2.700840
750 2.007515 3.000000 2.726325 3.077874 3.097630 3.100053 2.857255
751 -0.311697 3.000000 2.811999 3.101207 3.138391 3.100053 2.886718
752 -0.285136 3.000000 2.953741 3.337480 3.175423 3.116427 2.906802
753 5.105813 3.000000 3.256769 3.337480 3.175423 3.133703 2.907982
754 0.311570 3.000000 3.333779 3.101207 3.224720 3.144749 2.881762
755 1.158871 3.000000 3.341190 3.420526 3.314432 3.183738 2.961575
756 3.311317 3.000000 3.399089 3.656798 3.379695 3.191304 2.981240
757 -4.429894 3.000000 3.476099 3.685748 3.388083 3.183738 3.013271
758 -2.533736 3.000000 3.495910 3.685748 3.364041 3.191304 2.990726
759 -5.088047 3.000000 3.495910 3.685748 3.224720 3.144749 2.984364
760 -1.381488 3.000000 3.399089 3.366429 3.114643 3.039905 2.840284
761 -0.940713 3.000000 3.300724 3.101207 2.975714 2.940805 2.813460
762 -1.445287 3.000000 3.294399 3.101207 3.045089 2.912642 2.800264
763 1.618259 3.000000 2.901700 2.294340 2.972874 2.857299 2.777626
764 -0.189142 3.000000 2.908025 3.077874 3.019963 2.857299 2.802392
765 0.140214 3.000000 2.861358 2.737330 2.942170 2.742694 2.784559
766 0.110850 3.000000 2.173943 1.930462 2.893244 2.586012 2.758536
767 -5.766043 3.000000 2.324243 2.022140 2.838440 2.629138 2.770795
768 -3.955276 3.000000 2.181923 2.223713 2.841829 2.648474 2.856138
769 3.382713 3.000000 2.212545 2.068202 2.822768 2.564291 2.801673
770 5.451579 3.000000 2.191354 2.191689 2.795581 2.480934 2.726770
771 2.406461 3.000000 2.212545 2.068202 2.832027 2.564291 2.850405
772 2.524557 3.000000 2.256079 2.362386 2.896445 2.758102 3.117517
773 -0.949033 3.000000 2.350666 2.517897 2.972874 2.876728 3.146689
774 -1.171706 3.000000 2.350666 2.517897 2.902398 2.771888 3.063528
775 -4.974113 3.000000 2.823257 2.565191 3.152246 2.876728 3.138506
776 2.072820 3.000000 3.268027 3.245806 3.230040 3.024616 3.150593
777 2.493424 3.000000 3.048219 2.951622 3.183387 2.924566 3.103674
778 -0.307431 3.000000 3.223594 2.565191 3.186841 2.986586 3.137744
779 1.156092 3.000000 2.823257 2.560679 3.193314 2.940556 3.146619
780 -0.365228 3.000000 2.307132 2.509924 3.068760 2.846933 3.038874
781 -0.945390 3.000000 2.531999 2.405167 2.992629 2.859828 3.040044
782 -0.603722 3.000000 2.513581 2.405167 2.943193 2.824677 3.036075
783 1.031379 3.000000 2.571849 2.408696 2.996484 2.921351 3.101589
784 -4.584915 3.000000 2.702371 2.573764 2.953074 3.032406 3.125446
785 0.280422 3.000000 2.702371 2.573764 2.972874 3.107682 3.128952
786 0.250098 3.000000 2.994607 2.652496 3.207917 3.273325 3.193153
787 1.282542 3.000000 2.994607 2.652496 3.221877 3.273325 3.193948
788 4.863871 3.000000 2.775968 2.551893 3.170940 3.253183 3.086084
789 1.203662 3.000000 2.775968 2.551893 3.170940 3.277231 3.383899
790 2.015108 3.000000 2.479282 2.487428 2.953074 3.231410 3.353705
791 -5.617834 3.000000 2.657413 2.573764 2.953074 3.253183 3.332458
792 8.003587 3.000000 2.657413 2.573764 2.965529 3.333674 3.375635
793 -2.644323 3.000000 2.702371 2.509924 3.068760 3.355007 3.409329
794 2.300254 3.000000 2.702371 2.509924 3.068760 3.400091 3.407694
795 -4.399941 3.000000 2.657413 2.509924 2.965529 3.352244 3.404238
796 -2.363424 3.000000 2.437263 2.405996 2.890444 3.264131 3.320509
797 -1.313021 3.000000 2.994607 2.678521 2.965529 3.349792 3.369088
798 4.915234 3.000000 2.571849 2.467142 2.937447 3.258930 3.350963
799 2.880904 3.000000 2.994607 3.178020 2.989573 3.350737 3.372162
800 -0.322732 3.000000 2.994607 3.178020 2.989573 3.355007 3.375897
801 1.848021 3.000000 2.994607 3.178020 3.054059 3.407512 3.376424
802 0.926972 3.000000 2.994607 3.178020 3.054059 3.404221 3.377329
803 4.743483 3.000000 3.323497 3.242613 3.125989 3.432812 3.438656
804 -2.359116 3.000000 3.323497 3.242613 3.125989 3.432812 3.436363
805 -0.745278 3.000000 3.193255 3.178020 3.125989 3.407512 3.370436
806 4.402179 3.000000 3.368456 3.242613 3.414675 3.586689 3.480014
807 -0.128392 3.000000 3.263202 3.242613 3.414675 3.586689 3.480188
808 4.079384 3.000000 3.313663 3.245806 3.625801 3.608663 3.499044
809 -9.297312 3.000000 3.441995 3.330174 3.584094 3.576037 3.452184
810 0.955193 3.000000 3.332951 3.330174 3.679062 3.576037 3.456104
811 -4.169035 3.000000 2.995781 3.123477 3.749098 3.515430 3.445217
812 4.280045 3.000000 3.194716 3.121944 3.749098 3.508401 3.428276
813 -3.615090 3.000000 2.857547 2.915246 3.674526 3.316028 3.162917
814 -0.716937 3.000000 3.052247 3.062177 3.305526 3.316775 3.163299
815 1.065912 3.000000 2.643256 2.912053 3.268416 3.264792 3.134189
816 2.522087 3.000000 2.479103 2.847461 3.018496 3.129667 3.075868
817 -3.722015 3.000000 2.643256 2.847461 3.181533 3.307408 3.227247
818 0.807026 3.000000 3.052247 2.997584 3.268416 3.330214 3.287613
819 -2.271982 3.000000 3.052247 2.997584 3.268416 3.451125 4.168753
820 1.569190 3.000000 3.052247 2.997584 3.416289 3.512087 4.196434
821 -0.489519 3.000000 3.332951 3.054158 3.737556 3.630207 4.272992
822 -1.052418 3.000000 2.995781 2.997584 3.729138 3.517509 4.267200
823 -4.049410 3.000000 2.995781 2.997584 3.674526 3.451125 4.265009
824 0.624813 3.000000 2.995781 2.997584 3.449086 3.433325 4.230699
825 -1.873395 3.000000 3.052247 2.994337 3.245795 3.350737 4.215219
826 -5.440599 3.000000 3.263273 3.103771 3.268416 3.586689 4.224431
827 0.327601 3.000000 2.963026 2.994337 3.169845 3.410289 4.169533
828 -2.737561 3.000000 3.263273 3.103771 3.526914 3.527665 4.191745
829 -3.818614 3.000000 2.964529 2.994337 3.169845 3.351781 4.141487
830 -2.267602 3.000000 2.964529 2.994337 2.916132 3.316032 3.939834
831 -2.251232 3.000000 3.332951 2.997584 3.138594 3.316775 3.964966
832 4.348987 3.000000 3.264776 3.103771 3.120870 3.307408 3.923187
833 -1.092680 3.000000 3.264776 3.103771 3.120870 3.258930 3.892682
834 1.771703 3.000000 3.263273 3.202874 3.169845 3.325399 4.162102
835 -0.787716 3.000000 3.263273 3.215009 3.241395 3.367788 4.184917
836 -1.548491 3.000000 3.263273 3.215009 3.241395 3.422484 4.186276
837 -6.920749 3.000000 3.263273 3.215009 3.295995 3.603606 4.247523
838 3.608718 3.000000 3.339778 3.681870 3.568225 3.724733 4.255643
839 16.767200 3.000000 3.339778 3.681870 3.568225 3.724733 4.255948
840 4.164433 3.000000 3.339778 3.401780 3.506953 3.612689 4.235673
841 5.098976 3.000000 3.339778 3.401780 3.295995 3.517509 4.234960
842 -1.132046 3.000000 3.358650 3.681870 3.465326 3.672786 4.284294
843 -0.429341 3.000000 3.545664 3.694005 3.580101 3.826235 4.387368
844 3.318777 3.000000 3.358650 3.681870 3.526914 3.777243 4.333033
845 -0.346047 3.000000 3.545664 3.843156 3.580101 3.817264 4.358146
846 1.919328 3.000000 3.694106 3.843156 3.834766 3.862258 4.341850
847 0.992457 3.000000 3.823383 3.322214 3.955246 3.767985 4.229888
848 2.715543 3.000000 3.226797 3.322214 3.955246 3.789384 4.233095
849 -0.430354 3.000000 3.226797 3.322214 3.966313 3.847345 4.422802
850 -4.579176 5.000000 3.542740 3.299395 3.998499 3.928876 4.501671
851 -3.004309 5.000000 3.056060 3.270213 3.711497 3.847345 4.476080
852 2.069386 5.000000 3.149793 3.196283 3.711497 4.017648 4.740379
853 2.933114 5.000000 3.149793 3.196283 3.711497 4.017648 4.735483
854 10.294773 5.000000 3.435550 3.259076 4.048533 4.038927 4.735075
855 -2.598693 5.000000 3.746049 3.262695 4.447061 4.285211 4.888453
856 1.332669 5.000000 3.732592 3.262695 4.313934 4.333337 4.878284
857 5.407839 5.000000 3.241649 3.154884 4.277709 4.233788 4.863772
858 5.090794 5.000000 3.241649 3.154884 4.277709 4.235181 4.927157
859 1.001533 5.000000 3.195159 3.088472 4.116225 4.235181 4.922075
860 -0.647163 5.000000 3.195159 3.088472 4.116225 4.227250 4.435368
861 -0.107056 5.000000 3.208617 3.047762 4.249352 4.333337 4.455799
862 -3.642306 5.000000 3.208617 3.047762 4.263725 4.442465 4.498559
863 -5.673594 5.000000 3.449007 3.047762 4.447061 4.636900 4.700873
864 -0.792598 5.000000 3.435550 3.047762 4.313934 4.608596 4.708123
865 3.519129 5.000000 3.732592 3.196283 4.558236 4.675652 4.736074
866 1.441713 5.000000 4.289433 4.535141 4.879622 4.814103 4.793635
867 0.929235 5.000000 4.302890 4.535141 4.879622 4.814103 4.790707
868 -0.328249 5.000000 4.583239 4.535141 4.926736 4.893770 4.819760
869 -8.070508 5.000000 5.148255 4.813561 5.016210 5.088720 4.868617
870 7.887639 5.000000 5.255445 4.813561 5.033105 5.040657 4.883139
871 -0.219072 5.000000 5.255445 4.813561 5.033105 5.040657 4.875855
872 11.649209 5.000000 4.476050 4.772432 4.922872 4.893770 4.837691
873 4.020583 5.000000 4.583239 4.772432 4.879622 4.936753 4.843386
874 3.894712 5.000000 4.583239 4.772432 4.879622 4.865796 4.833743
875 -6.315154 5.000000 4.396623 4.694384 4.859083 4.736603 4.619699
876 1.980309 5.000000 4.240527 3.569635 4.751241 4.675652 4.597745
877 3.156636 5.000000 4.240527 3.569635 4.751241 4.606157 4.597084
878 -8.291929 5.000000 3.953270 3.426007 4.514987 4.466974 4.538681
879 -0.340037 5.000000 3.953270 3.426007 4.514987 4.528842 4.560734
880 8.919116 5.000000 4.332040 4.550756 4.859083 4.777980 4.640380
881 -3.063581 5.000000 4.488136 4.936506 4.887829 4.961961 4.919543
882 6.662776 5.000000 4.583239 5.080135 4.918285 4.995592 4.958527
883 -7.948970 5.000000 4.428344 4.772432 4.998998 5.121459 5.362227
884 2.985318 5.000000 4.241728 3.647683 4.891199 4.969578 5.263995
885 4.967178 5.000000 3.658555 3.647683 4.769389 4.954401 5.258546
886 -3.934817 5.000000 3.823438 3.740991 4.786110 4.970073 5.276477
887 0.867510 5.000000 4.223627 3.976936 4.923732 5.136797 5.357228
888 -2.543210 5.000000 4.843741 5.061755 5.100099 5.287745 5.388664
889 5.551567 5.000000 4.843741 5.061755 5.310979 5.402935 5.403018
890 3.595675 5.000000 4.806010 4.514671 4.818862 5.058228 5.199951
891 -4.314848 5.000000 4.806010 4.514671 5.074988 5.121459 5.309229
892 -0.016654 5.000000 4.806010 4.514671 5.074988 5.141809 5.307494
893 -0.875097 5.000000 4.624252 4.278726 4.877776 4.961961 5.068873
894 1.490265 5.000000 4.900235 4.732501 5.310979 5.141809 5.275762
895 3.789427 5.000000 5.223289 5.061755 5.574519 5.478655 5.578500
896 -1.025945 5.000000 4.805729 4.514671 5.310979 5.196787 5.454534
897 1.033710 5.000000 4.805729 4.514671 5.310979 5.287745 5.458927
898 1.490075 5.000000 4.843741 4.824727 5.585001 5.600300 5.687619
899 5.923518 5.000000 4.843459 4.889699 5.585001 5.562792 5.670075
900 -4.800176 5.000000 4.843459 4.889699 5.549839 5.600300 5.660922
901 -9.946581 5.000000 4.806010 4.733989 5.265883 5.366831 5.550287
902 4.338869 5.000000 4.624534 4.286992 4.635090 5.175071 5.513526
903 14.262665 5.000000 4.624252 4.423933 4.641008 4.941615 5.493358
904 -0.462271 5.000000 4.624252 4.423933 4.641008 4.940752 5.412793
905 2.062066 5.000000 4.129121 4.423933 4.852603 4.941615 5.427730
906 4.757129 5.000000 4.085632 4.016632 4.519414 4.874650 5.400482
907 7.036645 5.000000 4.141334 4.111298 4.462945 4.822055 5.346344
908 -2.489345 5.000000 4.223346 4.152445 4.641008 4.941615 5.375744
909 -1.751339 5.000000 4.045482 3.976936 4.635090 4.917066 5.341423
910 2.028441 5.000000 4.045482 3.976936 4.635090 5.070249 5.384630
911 10.782682 5.000000 4.141053 3.976936 4.641008 5.070249 5.395836
912 0.020329 5.000000 3.975680 3.905617 4.608938 4.868846 5.303650
913 -1.628935 5.000000 3.975680 3.905617 4.595912 4.874650 5.302531
914 -8.782086 5.000000 4.045482 4.215673 4.253523 5.070249 5.337491
915 12.760311 5.000000 4.045482 4.215673 4.253523 5.070249 5.337227
916 1.908713 5.000000 4.057973 4.215673 4.608938 4.907286 5.342695
917 2.806770 5.000000 4.045482 4.106074 4.177078 4.894889 5.318387
918 11.605220 5.000000 4.208290 4.106074 4.253523 4.941615 5.323241
919 11.260197 5.000000 4.223068 4.215673 4.966874 5.196787 5.391405
920 0.913256 5.000000 4.045482 3.905617 4.861485 4.940752 5.364741
921 2.049888 5.000000 4.045482 3.905617 4.861485 4.926536 5.358075
922 -0.929736 5.000000 4.045482 3.905617 4.861485 4.860429 5.082622
923 -2.193199 5.000000 3.975680 3.864470 4.462945 4.647129 5.083263
924 -5.899560 5.000000 3.863491 3.784069 3.949733 4.366170 4.697244
925 -1.262703 5.000000 4.024294 4.030897 4.098989 4.510821 4.767767
926 1.610233 5.000000 4.196631 4.111298 4.627504 4.685223 4.785785
927 4.283363 5.000000 4.195058 4.302385 4.587521 4.661326 4.839312
928 5.403657 5.000000 4.027551 4.238315 4.088715 4.438356 4.760266
929 4.088473 5.000000 4.027551 4.238315 4.088715 4.438915 4.772583
930 7.576778 5.000000 3.866747 3.966827 3.939460 4.365322 4.746189
931 -0.781889 5.000000 3.866747 3.966827 3.939460 4.359429 4.747410
932 1.601807 5.000000 3.738607 3.596756 3.939460 4.131427 4.523862
933 0.101579 5.000000 3.863491 3.966827 4.083307 4.250072 4.540969
934 7.050916 5.000000 3.735350 3.719998 4.083307 4.182880 4.522551
935 1.569018 5.000000 3.704658 3.610399 3.503161 3.900190 4.215072
936 -0.002263 5.000000 3.482203 3.240329 3.431770 3.593768 3.831949
937 2.324108 5.000000 3.089134 3.240329 3.245351 3.544593 3.835892
938 4.174902 5.000000 3.089134 3.240329 3.452905 3.560577 3.839468
939 -3.202602 5.000000 3.226081 3.022695 3.450227 3.448255 3.511829
940 0.428766 5.000000 3.197676 2.689056 3.164886 3.306090 3.170430
941 -4.588781 5.000000 2.870346 2.796455 3.164886 3.430238 3.186843
942 -3.443394 5.000000 3.096802 2.909683 3.164886 3.430238 3.192906
943 -0.047314 5.000000 3.887330 3.492061 3.707641 3.522594 3.320903
944 1.566821 5.000000 3.412475 3.376922 3.707641 3.672888 3.532972
945 -3.858219 5.000000 3.412475 3.376922 3.707641 3.526577 3.414776
946 4.399602 5.000000 3.412475 3.376922 3.707641 3.522594 3.403349
947 -3.800820 5.000000 4.031281 3.993973 3.839183 3.844337 3.721307
948 1.884652 5.000000 3.568748 3.526735 3.815276 3.801018 3.677873
949 -3.046701 5.000000 3.479915 3.413507 3.245329 3.657918 3.613366
950 0.894097 5.000000 3.479915 3.413507 3.245329 3.665471 3.617136
951 2.364784 5.000000 3.347108 3.383354 3.013588 3.395144 3.427585
952 3.589254 5.000000 3.347108 3.383354 3.013588 3.381011 3.426777
953 4.228067 5.000000 3.347108 3.383354 3.013588 3.360118 3.421810
954 -0.228697 5.000000 3.479915 3.724471 3.127481 3.451760 3.453902
955 1.153853 5.000000 3.509390 3.502082 3.127481 3.381011 3.404449
956 0.107194 5.000000 3.735846 3.827852 3.348653 3.672888 3.731989
957 0.167111 5.000000 4.162151 3.858005 3.815276 3.982862 4.007414
958 3.147823 5.000000 4.162151 3.858005 3.815276 3.886087 3.999301
959 -2.239973 5.000000 3.573565 3.502082 3.460174 3.665471 3.953648
960 -3.261503 5.000000 3.568748 3.754624 3.821580 3.902935 4.049106
961 -1.407582 5.000000 4.250984 3.867852 4.042150 4.038791 4.093972
962 2.517527 5.000000 4.250984 3.867852 4.042150 4.123780 4.145083
963 -5.388479 5.000000 3.995440 3.993973 4.161425 4.081666 4.120984
964 8.801876 5.000000 3.995847 3.993973 4.233123 4.035219 4.121813
965 -2.700134 5.000000 4.133449 4.335091 4.466806 4.410819 4.298934
966 -0.337379 5.000000 4.133449 4.335091 4.466806 4.410819 4.290690
967 -8.787952 5.000000 4.419210 3.971233 4.344644 4.396896 4.290204
968 -0.320155 5.000000 4.250984 3.867852 4.249740 4.175697 4.251973
969 -1.975703 5.000000 4.250984 3.867852 4.249740 4.142849 4.250381
970 4.231599 5.000000 3.568748 3.526735 4.144564 4.069873 4.221413
971 0.454910 5.000000 4.250984 3.993973 4.344644 4.265449 4.256900
972 -0.658922 5.000000 4.250984 3.993973 4.344644 4.274367 4.253187
973 0.996911 5.000000 3.660233 3.616893 4.144564 4.264021 4.242248
974 -2.839593 5.000000 3.573565 3.396556 4.138318 4.081666 4.206367
975 -6.154551 5.000000 3.749066 3.616893 4.387216 4.118500 4.233324
976 9.689669 5.000000 4.250984 4.084132 4.402248 4.301085 4.264703
977 9.319547 5.000000 4.133449 4.084132 4.402248 4.289885 4.269196
978 1.588541 5.000000 4.175757 4.335091 4.757726 4.419468 4.383903
979 1.449763 5.000000 4.207153 3.971233 5.021169 4.806105 4.759353
980 6.745770 5.000000 4.508943 4.183849 4.910948 4.805979 4.808167
981 4.226361 5.000000 4.177951 4.188394 4.799851 4.807988 4.843379
982 -6.052798 5.000000 4.473302 4.348665 4.760599 4.809336 4.903000
983 3.242879 5.000000 4.677676 4.508936 5.072554 4.977193 4.952553
984 1.423245 5.000000 4.473302 4.436964 4.760599 4.843016 4.939043
985 -7.291660 5.000000 4.177951 4.078226 4.665393 4.777649 4.776579
986 -3.511600 5.000000 4.187240 4.230841 4.710933 4.587962 4.827588
987 -3.767617 5.000000 4.242607 4.508936 4.894074 4.810059 4.902228
988 -1.558932 5.000000 4.015952 4.248744 4.710933 4.510046 4.720420
989 1.708610 5.000000 4.155905 4.342892 4.391040 4.757592 4.797493
990 -0.844955 5.000000 3.863556 4.437040 4.177548 4.527021 4.861991
991 3.858505 5.000000 3.610522 4.508936 4.311348 4.738681 4.889573
992 2.016079 5.000000 3.863556 4.639039 4.731916 4.713819 4.978938
993 -2.361595 5.000000 4.116591 4.769141 4.321601 4.782224 5.071283
994 2.220296 5.000000 4.288644 4.899244 5.313357 4.885008 5.168955
995 3.272895 5.000000 3.910838 5.029346 5.035401 4.802522 5.239045
996 3.672797 5.000000 3.759372 4.464084 4.177548 4.671521 5.174955
997 1.606136 5.000000 3.607907 4.591971 3.446223 4.604706 4.900145
998 -6.014203 5.000000 3.486680 4.604460 3.002670 4.187014 4.576577
999 -12.099984 5.000000 3.571207 5.007095 3.459641 4.455075 4.669759
