0.133919 0.276114
0.728047 0.094351
2.402456 -0.079084
1.115486 -0.254480
-0.162016 -0.440587
-1.501952 -0.659391
-1.541044 -0.724272
-1.426997 -0.926058
-1.444645 -1.274116
-2.017030 -1.539856
-1.835321 -1.865572
-0.450003 -2.101777
-1.088034 -2.365805
-2.553682 -2.660233
-3.381444 -2.763080
-3.627798 -2.818354
-3.917291 -2.762394
-4.141471 -2.818432
-4.076856 -2.963609
-2.370265 -2.908849
-2.514497 -2.681098
-1.331678 -2.386039
-1.592375 -2.147711
-2.638269 -1.760234
-2.060850 -1.611102
-0.972274 -1.573009
-0.257272 -1.586761
-1.772335 -1.778994
-0.589564 -1.943796
-1.296081 -2.034095
-2.027427 -2.143194
-3.061772 -2.403673
-3.964778 -2.778696
-3.075592 -3.148963
-3.450958 -3.576487
-3.042740 -3.921212
-3.316585 -4.038872
-5.644687 -4.180794
-5.104731 -4.241522
-5.143800 -4.461146
-5.129949 -4.693582
-4.101686 -4.894492
-4.339064 -5.014553
-4.511335 -4.898206
-5.052207 -4.946890
-5.542885 -4.849052
-5.124773 -4.734800
-5.182236 -4.817522
-4.495760 -4.955404
-5.580003 -5.029333
-4.263255 -5.043533
-4.042668 -4.876842
-4.846184 -4.682876
-16.672890 -4.452275
-5.176692 -4.353543
-5.180009 -4.083774
-3.379074 -4.110754
-3.106832 -4.230454
-2.439358 -4.368534
-3.607167 -4.368534
-3.152086 -4.521254
-4.506071 -4.763144
-5.119970 -5.284490
-6.088904 -5.707670
-6.551172 -6.067230
-7.357022 -6.363759
-9.026579 -6.532698
-8.071187 -6.569975
-6.915448 -6.569975
-6.388126 -6.458495
-6.275928 -6.244167
-6.026521 -5.939830
-5.455463 -5.317285
-5.085584 -4.699535
-4.622226 -4.140505
-4.617985 -3.636438
-2.468281 -3.200792
-0.074973 -2.945073
-1.355697 -2.650531
-1.356859 -2.387378
-1.739327 -2.229742
-2.105708 -2.188474
-3.153990 -2.079946
-2.434705 -2.135417
-2.253847 -2.188067
-3.199265 -2.188067
-2.827853 -2.152933
-1.491530 -2.011698
-1.854937 -1.872420
-1.830705 -1.666873
-1.423125 -1.561829
-0.498595 -1.329370
-0.834586 -1.234596
-1.900494 -1.163814
-0.584780 -1.124394
-1.308451 -1.033325
-0.735721 -1.086366
-1.047530 -1.179030
-0.854495 -1.151274
-1.500155 -1.003416
-1.011085 -0.992844
-1.923564 -0.839102
-1.418754 -0.760946
0.075220 -0.858283
-0.569776 -0.822780
-0.489626 -0.730427
1.024053 -0.519072
-0.032311 -0.281189
-2.448040 -0.183587
-0.534972 -0.250557
-0.668978 -0.184302
0.891108 -0.019278
0.217385 -0.019278
-0.540338 0.136607
-0.527505 0.398954
0.026518 0.667121
0.995594 0.881047
1.370647 0.886958
1.692149 1.094108
2.104650 1.386569
1.878530 1.709333
1.384998 1.892281
0.944305 2.079669
2.081734 2.039445
3.029960 2.043475
2.931387 2.045954
2.590838 1.942151
2.682091 1.795818
1.008630 1.902657
1.728415 1.796009
2.126962 1.593796
0.067998 1.557750
-0.153388 1.567889
1.905858 1.579792
1.121899 1.742647
1.111473 1.923433
2.357674 2.007114
3.566190 2.298741
2.789218 2.298741
2.474325 2.181783
3.355488 2.143542
2.880096 1.893674
2.692635 1.341903
0.777733 0.467928
0.853238 -0.531346
-1.137343 -1.509975
-2.608262 -2.615379
-4.510291 -3.622099
-6.204247 -4.457685
-6.333333 -5.169875
-7.068545 -5.560910
-7.668243 -5.702448
-6.367839 -5.702448
-6.667043 -5.574312
-5.631973 -5.228527
-4.656653 -4.787531
-3.882104 -4.170070
-3.357076 -3.737308
-2.364371 -3.368439
-3.092173 -3.293700
-1.421071 -3.293700
-1.511396 -3.311642
-2.772185 -3.292273
-3.048023 -3.343195
-4.959319 -3.468265
-5.147475 -3.696632
-4.818134 -4.067665
-3.707785 -4.282892
-3.815373 -4.658277
-3.489995 -4.986622
-14.137555 -5.168666
-4.850700 -5.467116
-4.709223 -5.764967
-6.426491 -6.255301
-6.445101 -6.697600
-6.597715 -6.743059
-7.833527 -6.405990
-7.498788 -6.390270
-8.120790 -6.419580
-7.796062 -6.227665
-5.118359 -5.935204
-5.087165 -5.566212
-4.699255 -4.989928
-4.973012 -4.198352
-3.276785 -3.332919
-3.812951 -2.800117
-2.646972 -2.164659
-0.374605 -1.531116
0.728869 -0.956661
-0.007167 -0.443480
-0.323144 -0.038358
0.631962 0.294326
0.805680 0.446891
0.470841 0.580569
1.851719 0.463679
0.369312 0.367770
0.347183 0.245605
0.998487 0.004824
0.879957 -0.345305
-0.870347 -0.724208
-1.535071 -1.126683
-1.422628 -1.397563
-2.345476 -1.535638
-3.268049 -1.549930
-2.939290 -1.549930
-2.623782 -1.367927
-2.068610 -1.229655
-0.895495 -1.009122
0.751328 -0.892555
1.370399 -0.814393
0.767679 -0.625650
-0.290622 -0.494743
0.562173 -0.409490
-1.296378 -0.379490
-2.235833 -0.436661
-0.925094 -0.436661
-1.057666 -0.368594
-1.301337 -0.249569
-0.625496 -0.256137
0.236789 -0.043494
1.380286 -0.005302
2.200370 0.119508
0.780601 0.473288
0.503061 0.824175
0.617412 1.149937
-0.957608 1.097715
0.198188 0.978840
2.126361 0.668191
2.306367 0.568356
2.418842 0.559828
-0.233213 0.662040
0.310416 0.903472
-0.595473 1.150177
-0.117919 1.154459
0.426310 1.166957
1.537325 1.251130
1.577413 1.673063
2.418531 2.035137
2.164905 2.495042
3.176398 2.996303
3.564192 3.307124
3.569078 3.441012
4.021223 3.729076
4.937664 3.737704
5.063676 3.737704
4.334714 3.662610
2.782406 3.520994
4.757479 3.376185
2.496185 3.172954
2.289650 2.929144
2.500548 2.662689
2.192145 2.410526
2.265799 2.223440
2.065253 2.031805
2.743371 1.988461
2.359380 2.038874
1.098633 2.147821
1.018649 2.373600
0.890033 2.344726
2.106088 2.486624
3.481068 2.451364
4.455412 2.492713
4.224157 2.514389
2.005936 2.528190
3.342334 2.702030
2.426032 2.607253
2.731514 2.347452
1.293718 2.002939
1.142861 1.860413
2.707418 1.772126
1.253101 1.605617
1.123533 1.452373
1.046841 1.282323
2.059603 1.296704
1.211356 1.355768
1.232930 1.342415
0.334857 1.432026
1.176966 1.649897
1.423148 1.883110
1.674430 1.750355
1.939429 1.652967
3.084372 1.764195
3.824729 1.880205
3.145757 1.751891
0.864810 1.504703
0.022136 1.087030
2.233989 0.617025
1.378946 0.014404
-0.801544 -0.645980
-2.084624 -1.219898
-2.931275 -1.648804
-2.290618 -2.160401
-2.339220 -2.748269
-2.797697 -2.967014
-2.995338 -3.074094
-4.718787 -3.237433
-4.582241 -3.255361
-3.911864 -3.449319
-2.770250 -3.665823
-3.048347 -4.016577
-3.760666 -4.215820
-3.092624 -4.180587
-4.084845 -4.184625
-5.954484 -4.216224
-6.125231 -4.558100
-4.788526 -4.876615
-4.401684 -5.102787
-4.618585 -5.276667
-4.196258 -5.484099
-6.490801 -5.366824
-5.959260 -5.231394
-5.796213 -5.262655
-5.649763 -5.297966
-6.063147 -5.337600
-4.899009 -5.337600
-4.906356 -5.015635
-5.069874 -4.773469
-4.719483 -4.611112
-4.975295 -4.356689
-3.165467 -4.243553
-2.122030 -4.088041
-3.779758 -3.778672
-4.335005 -3.422414
-3.359953 -2.962839
-4.051653 -2.503991
-3.499400 -2.110569
-1.768976 -1.856123
-0.583313 -1.296298
-0.205369 -0.551465
1.258660 0.153358
0.375332 0.951803
0.167986 1.498429
2.651846 1.854770
2.983459 2.307823
3.686605 2.847855
3.872109 3.270235
3.150657 3.753820
2.623749 3.926418
5.060077 3.959535
5.028278 4.042577
5.385131 4.010247
4.727598 4.026122
4.177130 4.157845
2.949897 4.428426
3.730838 4.331465
3.395642 4.232930
4.014982 4.102061
4.336160 4.063339
14.445049 3.963551
4.187429 3.963551
4.141458 3.846512
4.207309 3.896382
4.379100 3.981778
3.279038 4.093871
2.500615 4.043623
2.677489 4.136268
3.844475 4.041694
4.783544 3.937749
5.345002 3.958893
4.892768 4.188156
5.021231 4.188156
3.290288 4.183904
3.271809 4.080649
4.569393 3.959153
5.342405 3.635378
2.428432 3.380067
2.639222 3.169031
2.915180 3.189182
3.690080 3.148649
2.243538 2.918077
2.594966 2.883370
3.121907 2.905447
3.471647 2.917209
2.907017 2.842582
2.494242 2.816174
3.377719 2.952630
2.627120 3.106247
2.745080 3.370139
1.852410 3.803776
3.233974 4.159524
3.977520 4.630545
5.496934 4.892680
7.446486 5.182818
7.374375 5.574907
6.108751 5.907768
6.733428 6.042828
5.736936 6.042828
5.238363 5.917991
6.273881 5.568648
6.229725 5.457463
5.193058 5.369225
4.230282 5.306466
4.373406 5.276384
3.832263 5.186485
5.732769 5.019144
5.314607 4.886219
5.709051 4.735020
5.466199 4.619246
4.429272 4.379860
4.723655 4.190661
4.536445 3.866406
3.188313 3.757388
2.218931 3.584984
2.129475 3.515467
1.539656 3.532947
2.790758 3.428320
4.333442 3.433891
3.914564 3.489302
4.098004 3.413827
4.586587 3.313635
3.644949 3.330042
4.771233 3.205714
3.687012 2.811615
1.227743 2.346717
0.786559 1.901713
1.687320 1.412067
1.671802 1.197804
-0.569571 1.029859
-0.269522 1.029859
0.092968 1.076871
0.179777 1.235446
1.716580 1.308903
2.175507 1.654404
2.348435 2.221910
1.650850 2.778105
2.213728 3.300214
4.781311 3.693093
5.733539 4.139422
4.838032 4.582910
5.098723 4.935721
4.878764 5.378375
5.186761 5.580279
6.166901 5.837445
6.598444 5.949744
5.523733 6.154560
6.197611 6.130120
7.152529 6.091799
7.297293 5.977655
6.744233 5.680667
6.722108 5.310106
4.533874 5.038540
3.494007 4.649108
4.159463 4.064695
3.263396 3.562179
3.079638 3.044929
2.692724 2.747451
1.892810 2.673207
1.531368 2.683990
2.221595 2.683990
2.066853 2.671774
1.856572 2.850674
3.491266 3.106013
3.591053 3.495401
4.990771 3.895905
3.153458 4.349845
4.689737 4.986161
15.151312 5.695400
5.397308 6.169750
5.461107 6.816431
6.307054 7.336014
7.793692 8.005214
9.536615 8.674770
7.760413 8.570693
9.411183 9.211590
9.667019 9.610048
10.712534 9.884032
11.423310 10.287323
10.486624 10.542182
11.229177 10.542182
9.893180 10.832814
10.226261 10.986157
11.830355 10.970554
12.026865 10.791473
1.368634 10.584169
12.161129 10.330018
11.047111 9.967920
10.572104 9.596900
9.811583 9.254963
8.620890 8.703151
8.941815 8.703151
6.634300 8.163708
6.887081 7.648865
8.752915 7.259827
7.060557 6.899902
6.192129 6.503761
5.702488 6.089465
5.938511 5.886787
6.310247 5.707606
5.055626 5.707606
5.024249 5.820582
4.801423 6.126663
4.810198 6.748219
5.274448 7.465742
8.077345 8.218041
8.946852 9.130143
11.296500 10.061539
12.396212 11.007249
13.662685 11.762515
13.080936 12.082755
13.264548 12.259513
13.406808 12.417945
13.321589 12.499758
12.071844 12.478642
10.959503 12.449476
10.537680 12.373121
11.963564 12.283837
12.032818 12.283837
12.206172 12.338501
13.144310 12.556976
12.393740 12.846651
12.460995 12.895600
13.813560 12.968901
14.703027 13.088905
14.038123 13.345492
13.566579 13.459792
12.404107 13.637417
12.692529 13.868581
13.286200 14.009671
15.083374 13.754236
14.173008 13.553576
14.002737 13.433272
14.541464 13.623240
15.283670 13.911145
12.232182 14.278759
11.550045 14.347277
12.483844 14.612271
14.113823 14.917345
16.594728 15.219404
16.748404 15.492773
15.700035 16.200592
16.557958 16.809489
17.259995 17.361566
17.743988 17.810772
18.602550 18.116371
19.082509 18.343020
17.963922 18.561371
19.742891 18.751905
19.799196 18.849442
19.345119 18.951484
18.788247 19.084445
18.523113 19.199834
18.974808 19.395473
18.621820 19.341310
18.882299 19.203810
20.121015 19.314867
20.613373 19.517659
20.283860 19.778352
19.255429 19.996782
18.561693 20.414756
20.344629 20.765631
31.163423 20.945174
20.907931 21.040145
20.940683 21.000200
22.383586 21.066678
22.040169 21.183857
21.736907 21.341382
21.468111 21.247194
19.924352 21.337880
19.853733 21.260994
20.908350 21.207140
21.762346 21.046100
21.535902 20.836858
21.724105 20.639416
20.248708 20.609855
21.555482 20.662446
20.312980 20.585076
19.691132 20.411603
19.048752 20.324885
19.658303 20.214718
20.327055 20.359313
20.212015 20.359313
20.162847 20.446608
20.755442 20.496955
20.563977 20.648004
21.550063 20.802227
21.680123 20.952568
21.098637 21.043073
20.144252 21.041007
21.017747 20.896710
21.532259 20.877548
21.768581 20.750405
21.026562 20.455798
19.456772 20.225577
19.028660 20.090430
20.391514 19.858231
20.405780 19.603884
19.026646 19.272662
17.798299 19.006554
18.927929 18.890089
18.927955 18.817008
19.243142 18.568386
18.045560 18.407848
18.010806 18.087005
18.408590 17.875317
18.370932 17.398744
18.153916 16.926182
16.139053 16.529478
14.251999 16.173437
15.893116 15.932280
14.638765 15.527111
14.674898 15.314334
14.838256 15.238972
14.841187 15.130969
15.840401 15.130969
14.724406 15.169392
16.238921 15.384195
15.560663 15.451067
15.167031 15.444467
14.572601 15.414625
16.606267 15.174551
16.571990 14.872965
15.276747 14.534815
14.778862 14.376012
13.679742 14.339034
12.010130 14.342701
11.720424 14.170691
13.195570 14.170691
14.131435 14.197012
14.834232 14.289849
14.605601 14.554631
15.023902 15.026966
15.614401 15.405463
15.513630 15.740504
16.261146 15.992090
16.062781 16.326591
16.602039 16.659408
17.146807 17.047677
17.844746 17.505449
16.869870 17.954477
18.019254 18.379803
19.008050 18.626657
20.104029 18.822851
19.734352 19.031663
20.198570 19.095527
20.089083 19.095527
18.823720 19.086822
18.635620 18.729780
19.026116 18.192142
18.419522 17.696225
17.940904 17.237216
15.794674 16.811277
15.265283 16.401231
14.737492 15.974504
15.271107 15.594275
15.957994 15.238340
15.192671 15.038790
15.133302 14.805401
14.795082 14.333479
14.997459 13.737002
14.162042 12.990280
13.694167 12.265989
11.017989 11.583642
9.369199 10.761789
8.550610 9.909570
7.600779 9.072657
8.674054 8.348520
8.992178 8.008302
-2.196372 8.008302
7.125110 8.066022
6.629824 8.255156
7.176939 8.524547
7.956022 8.604244
9.888684 8.709871
10.252815 9.039653
11.040690 9.368819
10.025298 9.731593
9.391332 9.970087
9.942817 10.074760
9.597858 10.202760
10.087603 10.299527
10.441911 10.333963
10.102464 10.568398
10.333389 10.724307
11.123714 10.893701
11.350615 11.029997
12.135215 11.246289
12.342629 11.457480
11.001033 11.692816
11.467365 11.827952
11.314267 12.103361
12.049090 12.368902
12.451419 12.706672
13.602397 13.076037
12.217254 13.619828
13.740483 14.184318
15.175142 14.714318
15.666915 15.116218
16.547774 15.494898
16.208386 15.816562
16.819094 16.034990
17.061886 16.034990
15.834354 15.995894
15.859541 15.919986
16.497367 15.680116
15.706337 15.441801
14.063547 15.201073
14.823281 15.109746
14.983736 15.000151
14.388952 14.994534
13.382577 14.960406
14.652541 14.971811
15.675425 15.070675
14.847997 14.982601
15.808988 14.804694
15.501833 14.523164
16.359209 14.342161
14.953317 13.991077
14.030617 13.414669
11.855184 12.909932
11.753548 12.296993
11.492782 11.668963
10.305366 11.088800
10.487754 10.553397
10.292535 10.553397
9.849561 10.139567
9.731853 9.705256
9.211991 9.416505
8.130711 9.326598
19.751746 9.174716
7.844749 9.068547
7.764224 9.048912
8.894025 8.936065
9.496203 9.025337
9.120819 9.146274
9.337011 9.045249
9.672848 9.141471
8.716229 9.197384
10.015441 9.238283
9.219141 9.295977
9.106215 9.326113
8.710750 9.363158
9.213964 9.321544
9.262122 9.459126
10.019188 9.459543
9.392049 9.403055
9.670414 9.412763
9.298319 9.517506
9.954473 9.456542
10.483519 9.505303
8.443160 9.531046
9.193584 9.516307
9.653446 9.442335
8.665282 9.347318
9.700969 9.131405
10.250881 8.738901
9.259392 8.454298
9.004671 8.074770
8.011262 7.633586
6.718342 7.491302
5.212562 7.245482
5.881734 7.091647
5.777835 7.088755
5.682790 6.924685
7.384727 6.774260
7.488584 6.606951
7.874875 6.579047
8.978647 6.425623
7.502016 6.248903
6.657437 6.089150
4.961421 5.733288
4.500925 5.371078
4.187354 4.970054
3.705592 4.548229
4.245012 4.068918
4.181964 3.756847
4.228702 3.697853
4.265653 3.697853
2.343638 3.762828
1.025213 3.939685
2.152784 4.013210
3.969977 3.909514
4.772131 3.877396
5.613650 3.933521
5.297305 4.191817
4.906737 4.514138
3.248699 4.701163
3.939639 4.773031
4.770780 4.733412
4.668303 4.673639
5.053668 4.473087
4.931925 4.297284
4.616795 4.314971
4.415554 4.303389
4.759347 4.334821
3.231042 4.422419
3.324516 4.511779
3.407882 4.481232
3.835396 4.693767
5.456687 4.919085
5.857908 5.191399
6.529610 5.460178
4.656999 5.632159
7.324861 5.708009
6.443420 5.890055
7.210172 6.074507
5.743525 6.202426
4.955717 6.290787
4.518043 6.620585
6.156455 6.688287
7.116756 6.942237
7.009178 7.083388
7.625185 7.502479
7.934176 8.052414
9.515337 8.473689
8.728965 8.602206
8.480539 8.754147
9.947932 8.754147
9.905135 8.853707
11.264929 8.785042
8.165825 8.516065
8.484223 8.372016
7.094545 8.348980
8.521226 8.030012
7.316196 7.740725
7.077217 7.575316
7.432522 7.453257
8.273217 7.277689
7.032545 7.217552
7.301554 7.025442
6.544227 6.813840
7.067290 6.605650
6.904117 6.311738
6.553311 5.843008
5.203508 5.392034
5.411779 4.847942
4.787313 4.220538
2.973780 3.469160
3.082981 2.834456
2.170460 2.286119
0.897589 1.826542
0.141722 1.384034
-0.608689 1.073545
0.840973 0.675493
0.476747 0.343727
1.067315 0.343727
0.804743 0.373082
0.288579 0.675273
-2.018337 1.018915
-0.815431 1.185582
9.773635 1.515636
1.161779 1.767255
2.861438 2.119135
2.484089 2.565124
2.340976 3.234356
3.447235 3.667960
3.331886 3.550261
3.971662 3.684321
4.302480 3.806538
5.207661 4.035863
5.064210 4.244282
4.148375 4.537615
3.547513 4.849420
3.961390 5.142232
4.548013 5.490327
6.606968 5.850974
6.087229 6.235436
6.353763 6.719278
7.435331 7.142955
8.453489 7.375373
8.653796 7.419154
8.524364 7.483388
8.502952 7.607795
7.774491 7.738685
6.639772 7.756273
6.481253 7.537135
7.185079 7.429656
7.473421 7.319686
7.659268 7.319686
7.593618 7.549529
5.979517 7.994797
7.557045 8.403891
7.513230 8.778790
9.843072 9.191797
10.647189 9.399890
11.426131 9.607721
10.163100 10.022686
10.559162 10.364704
11.190489 10.582708
9.532104 10.642140
9.464096 10.678567
11.247919 10.738748
10.635203 10.851903
11.967758 10.940330
10.377964 10.902093
10.975028 11.171490
11.968463 11.348212
11.181500 11.410981
11.355002 11.541459
10.846360 11.504429
11.956673 11.625116
12.675808 11.814092
11.812839 11.871511
11.809508 12.039170
11.634489 12.187723
11.932542 12.338334
12.690427 12.478111
12.485238 12.362409
12.691980 12.393551
12.989995 12.656350
14.174699 13.013985
13.214663 13.348775
11.225347 13.634907
12.093121 14.049552
14.945654 14.542276
14.853200 14.962969
15.265613 15.297104
16.217039 15.787072
17.624368 16.592109
17.126499 17.054724
16.776231 17.311909
17.181919 17.764898
19.338456 18.164381
19.342522 18.544146
19.016734 18.892047
17.260317 19.553161
19.812379 20.458343
20.194122 21.375109
20.755476 22.085863
23.076520 22.747427
25.328559 23.314089
25.511210 23.764285
25.921188 24.207849
25.735241 24.684226
25.296601 25.000300
24.116689 25.251350
23.864148 25.430543
24.186195 25.740438
25.042868 26.022156
26.123599 26.342755
26.941294 26.714350
28.456649 27.373732
28.300271 28.060209
28.620633 28.651549
28.640949 29.174406
30.051132 29.628013
30.364935 29.940152
30.364483 30.132942
30.829304 30.230992
31.664285 30.325733
31.023764 30.360552
31.109518 30.298606
30.191761 30.248642
29.503083 30.114266
29.493620 29.970124
29.806984 29.739660
29.035340 29.526075
29.915261 29.457487
29.155097 29.457487
29.532027 29.545179
28.922687 29.722798
29.101506 29.870680
29.574463 30.124860
30.292314 30.283653
31.137927 30.530622
31.092188 30.755885
31.322958 30.956505
31.344397 31.073295
31.377819 31.166269
32.007384 31.166269
31.559389 31.241139
30.907089 31.261088
30.625572 31.247899
31.129078 31.104230
30.051382 30.889657
31.811757 30.619755
31.271730 30.428024
31.204254 30.318880
29.446664 30.226373
29.382633 30.100075
28.987492 30.030418
29.833812 29.776614
29.924794 29.657419
29.793010 29.657419
29.992392 29.940612
29.424473 30.266221
28.193563 30.667952
30.131497 31.125553
31.995406 31.532457
32.313114 32.026068
32.603067 32.529153
33.952221 32.933304
34.797493 33.180860
33.586933 33.180860
34.235509 33.137591
34.520158 33.062347
33.061826 32.936109
32.359506 32.745710
31.605983 32.537009
31.294197 32.379519
31.635919 32.199305
31.466928 32.199305
32.238629 32.222231
32.641844 32.404811
32.169525 32.573158
32.613585 32.573158
33.268164 32.469291
34.002723 32.384200
34.323950 32.213365
33.121110 31.997729
30.701113 31.834572
