data: 0 6.08035 0.6
data: 0.40404 5.75089 0.580201
data: 0.808081 6.55151 0.561185
data: 1.21212 5.82754 0.542923
data: 1.61616 5.77792 0.525384
data: 2.0202 4.43573 0.508539
data: 2.42424 3.74357 0.492362
data: 2.82828 4.44435 0.476825
data: 3.23232 4.60097 0.461903
data: 3.63636 4.87565 0.447572
data: 4.0404 4.33043 0.433809
data: 4.44444 3.66058 0.42059
data: 4.84848 3.80649 0.407895
data: 5.25253 4.02893 0.395703
data: 5.65657 4.15905 0.383994
data: 6.06061 3.52312 0.372748
data: 6.46465 3.38854 0.361947
data: 6.86869 3.51824 0.351575
data: 7.27273 3.18729 0.341613
data: 7.67677 3.0456 0.332045
data: 8.08081 3.42631 0.322856
data: 8.48485 3.02488 0.314032
data: 8.88889 2.9671 0.305556
data: 9.29293 2.70147 0.297416
data: 9.69697 2.72692 0.289599
data: 10.101 2.83914 0.282091
data: 10.5051 2.76165 0.274881
data: 10.9091 2.47839 0.267955
data: 11.3131 2.57536 0.261305
data: 11.7172 2.92532 0.254917
data: 12.1212 2.43646 0.248783
data: 12.5253 2.36559 0.242891
data: 12.9293 2.33954 0.237233
data: 13.3333 1.72843 0.231799
data: 13.7374 2.39663 0.22658
data: 14.1414 2.20767 0.221567
data: 14.5455 2.11851 0.216753
data: 14.9495 2.27297 0.21213
data: 15.3535 2.40448 0.20769
data: 15.7576 1.95446 0.203425
data: 16.1616 2.22906 0.19933
data: 16.5657 2.30433 0.195397
data: 16.9697 1.77605 0.191619
data: 17.3737 1.76151 0.187991
data: 17.7778 2.22712 0.184507
data: 18.1818 1.64801 0.18116
data: 18.5859 2.0883 0.177946
data: 18.9899 1.99045 0.17486
data: 19.3939 1.65443 0.171896
data: 19.798 1.63904 0.169049
data: 20.202 1.87163 0.166314
data: 20.6061 1.59206 0.163688
data: 21.0101 1.6042 0.161166
data: 21.4141 1.71428 0.158744
data: 21.8182 1.64864 0.156418
data: 22.2222 1.55508 0.154184
data: 22.6263 1.72644 0.152038
data: 23.0303 1.50185 0.149978
data: 23.4343 1.59119 0.147999
data: 23.8384 1.23089 0.146098
data: 24.2424 1.40848 0.144273
data: 24.6465 1.47315 0.142519
data: 25.0505 1.39715 0.140836
data: 25.4545 1.31689 0.139219
data: 25.8586 1.18662 0.137666
data: 26.2626 1.59549 0.136174
data: 26.6667 1.40375 0.134742
data: 27.0707 1.53704 0.133366
data: 27.4747 1.41109 0.132045
data: 27.8788 1.23079 0.130776
data: 28.2828 1.46617 0.129557
data: 28.6869 1.17692 0.128387
data: 29.0909 1.37112 0.127263
data: 29.4949 1.16044 0.126183
data: 29.899 1.24077 0.125146
data: 30.303 1.42726 0.12415
data: 30.7071 1.28094 0.123194
data: 31.1111 1.63097 0.122276
data: 31.5152 1.43256 0.121394
data: 31.9192 1.41718 0.120546
data: 32.3232 1.27725 0.119733
data: 32.7273 1.0646 0.118951
data: 33.1313 1.22094 0.118201
data: 33.5354 1.22827 0.11748
data: 33.9394 0.893778 0.116788
data: 34.3434 1.08994 0.116123
data: 34.7475 0.905193 0.115485
data: 35.1515 1.03369 0.114872
data: 35.5556 1.09 0.114283
data: 35.9596 1.0442 0.113717
data: 36.3636 1.15261 0.113174
data: 36.7677 1.08203 0.112652
data: 37.1717 0.93427 0.112151
data: 37.5758 1.01116 0.11167
data: 37.9798 1.11248 0.111208
data: 38.3838 1.23566 0.110764
data: 38.7879 1.31053 0.110338
data: 39.1919 1.11162 0.109929
data: 39.596 1.1152 0.109535
data: 40 1.23112 0.109158
