-1.200000 -0.500000 37640.840000
-1.200000 -0.400000 33860.840000
-1.200000 -0.300000 30280.840000
-1.200000 -0.200000 26900.840000
-1.200000 -0.100000 23720.840000
-1.200000 -0.000000 20740.840000
-1.200000 0.100000 17960.840000
-1.200000 0.200000 15380.840000
-1.200000 0.300000 13000.840000
-1.200000 0.400000 10820.840000
-1.200000 0.500000 8840.840000
-1.200000 0.600000 7060.840000
-1.200000 0.700000 5480.840000
-1.200000 0.800000 4100.840000
-1.200000 0.900000 2920.840000
-1.200000 1.000000 1940.840000
-1.200000 1.100000 1160.840000
-1.200000 1.200000 580.840000
-1.200000 1.300000 200.840000
-1.200000 1.400000 20.840000
-1.200000 1.500000 40.840000
-1.200000 1.600000 260.840000
-1.200000 1.700000 680.840000
-1.200000 1.800000 1300.840000
-1.200000 1.900000 2120.840000
-1.200000 2.000000 3140.840000

-1.100000 -0.500000 29245.410000
-1.100000 -0.400000 25925.410000
-1.100000 -0.300000 22805.410000
-1.100000 -0.200000 19885.410000
-1.100000 -0.100000 17165.410000
-1.100000 -0.000000 14645.410000
-1.100000 0.100000 12325.410000
-1.100000 0.200000 10205.410000
-1.100000 0.300000 8285.410000
-1.100000 0.400000 6565.410000
-1.100000 0.500000 5045.410000
-1.100000 0.600000 3725.410000
-1.100000 0.700000 2605.410000
-1.100000 0.800000 1685.410000
-1.100000 0.900000 965.410000
-1.100000 1.000000 445.410000
-1.100000 1.100000 125.410000
-1.100000 1.200000 5.410000
-1.100000 1.300000 85.410000
-1.100000 1.400000 365.410000
-1.100000 1.500000 845.410000
-1.100000 1.600000 1525.410000
-1.100000 1.700000 2405.410000
-1.100000 1.800000 3485.410000
-1.100000 1.900000 4765.410000
-1.100000 2.000000 6245.410000

-1.000000 -0.500000 22504.000000
-1.000000 -0.400000 19604.000000
-1.000000 -0.300000 16904.000000
-1.000000 -0.200000 14404.000000
-1.000000 -0.100000 12104.000000
-1.000000 -0.000000 10004.000000
-1.000000 0.100000 8104.000000
-1.000000 0.200000 6404.000000
-1.000000 0.300000 4904.000000
-1.000000 0.400000 3604.000000
-1.000000 0.500000 2504.000000
-1.000000 0.600000 1604.000000
-1.000000 0.700000 904.000000
-1.000000 0.800000 404.000000
-1.000000 0.900000 104.000000
-1.000000 1.000000 4.000000
-1.000000 1.100000 104.000000
-1.000000 1.200000 404.000000
-1.000000 1.300000 904.000000
-1.000000 1.400000 1604.000000
-1.000000 1.500000 2504.000000
-1.000000 1.600000 3604.000000
-1.000000 1.700000 4904.000000
-1.000000 1.800000 6404.000000
-1.000000 1.900000 8104.000000
-1.000000 2.000000 10004.000000

-0.900000 -0.500000 17164.610000
-0.900000 -0.400000 14644.610000
-0.900000 -0.300000 12324.610000
-0.900000 -0.200000 10204.610000
-0.900000 -0.100000 8284.610000
-0.900000 -0.000000 6564.610000
-0.900000 0.100000 5044.610000
-0.900000 0.200000 3724.610000
-0.900000 0.300000 2604.610000
-0.900000 0.400000 1684.610000
-0.900000 0.500000 964.610000
-0.900000 0.600000 444.610000
-0.900000 0.700000 124.610000
-0.900000 0.800000 4.610000
-0.900000 0.900000 84.610000
-0.900000 1.000000 364.610000
-0.900000 1.100000 844.610000
-0.900000 1.200000 1524.610000
-0.900000 1.300000 2404.610000
-0.900000 1.400000 3484.610000
-0.900000 1.500000 4764.610000
-0.900000 1.600000 6244.610000
-0.900000 1.700000 7924.610000
-0.900000 1.800000 9804.610000
-0.900000 1.900000 11884.610000
-0.900000 2.000000 14164.610000

-0.800000 -0.500000 12999.240000
-0.800000 -0.400000 10819.240000
-0.800000 -0.300000 8839.240000
-0.800000 -0.200000 7059.240000
-0.800000 -0.100000 5479.240000
-0.800000 -0.000000 4099.240000
-0.800000 0.100000 2919.240000
-0.800000 0.200000 1939.240000
-0.800000 0.300000 1159.240000
-0.800000 0.400000 579.240000
-0.800000 0.500000 199.240000
-0.800000 0.600000 19.240000
-0.800000 0.700000 39.240000
-0.800000 0.800000 259.240000
-0.800000 0.900000 679.240000
-0.800000 1.000000 1299.240000
-0.800000 1.100000 2119.240000
-0.800000 1.200000 3139.240000
-0.800000 1.300000 4359.240000
-0.800000 1.400000 5779.240000
-0.800000 1.500000 7399.240000
-0.800000 1.600000 9219.240000
-0.800000 1.700000 11239.240000
-0.800000 1.800000 13459.240000
-0.800000 1.900000 15879.240000
-0.800000 2.000000 18499.240000

-0.700000 -0.500000 9803.890000
-0.700000 -0.400000 7923.890000
-0.700000 -0.300000 6243.890000
-0.700000 -0.200000 4763.890000
-0.700000 -0.100000 3483.890000
-0.700000 -0.000000 2403.890000
-0.700000 0.100000 1523.890000
-0.700000 0.200000 843.890000
-0.700000 0.300000 363.890000
-0.700000 0.400000 83.890000
-0.700000 0.500000 3.890000
-0.700000 0.600000 123.890000
-0.700000 0.700000 443.890000
-0.700000 0.800000 963.890000
-0.700000 0.900000 1683.890000
-0.700000 1.000000 2603.890000
-0.700000 1.100000 3723.890000
-0.700000 1.200000 5043.890000
-0.700000 1.300000 6563.890000
-0.700000 1.400000 8283.890000
-0.700000 1.500000 10203.890000
-0.700000 1.600000 12323.890000
-0.700000 1.700000 14643.890000
-0.700000 1.800000 17163.890000
-0.700000 1.900000 19883.890000
-0.700000 2.000000 22803.890000

-0.600000 -0.500000 7398.560000
-0.600000 -0.400000 5778.560000
-0.600000 -0.300000 4358.560000
-0.600000 -0.200000 3138.560000
-0.600000 -0.100000 2118.560000
-0.600000 -0.000000 1298.560000
-0.600000 0.100000 678.560000
-0.600000 0.200000 258.560000
-0.600000 0.300000 38.560000
-0.600000 0.400000 18.560000
-0.600000 0.500000 198.560000
-0.600000 0.600000 578.560000
-0.600000 0.700000 1158.560000
-0.600000 0.800000 1938.560000
-0.600000 0.900000 2918.560000
-0.600000 1.000000 4098.560000
-0.600000 1.100000 5478.560000
-0.600000 1.200000 7058.560000
-0.600000 1.300000 8838.560000
-0.600000 1.400000 10818.560000
-0.600000 1.500000 12998.560000
-0.600000 1.600000 15378.560000
-0.600000 1.700000 17958.560000
-0.600000 1.800000 20738.560000
-0.600000 1.900000 23718.560000
-0.600000 2.000000 26898.560000

-0.500000 -0.500000 5627.250000
-0.500000 -0.400000 4227.250000
-0.500000 -0.300000 3027.250000
-0.500000 -0.200000 2027.250000
-0.500000 -0.100000 1227.250000
-0.500000 -0.000000 627.250000
-0.500000 0.100000 227.250000
-0.500000 0.200000 27.250000
-0.500000 0.300000 27.250000
-0.500000 0.400000 227.250000
-0.500000 0.500000 627.250000
-0.500000 0.600000 1227.250000
-0.500000 0.700000 2027.250000
-0.500000 0.800000 3027.250000
-0.500000 0.900000 4227.250000
-0.500000 1.000000 5627.250000
-0.500000 1.100000 7227.250000
-0.500000 1.200000 9027.250000
-0.500000 1.300000 11027.250000
-0.500000 1.400000 13227.250000
-0.500000 1.500000 15627.250000
-0.500000 1.600000 18227.250000
-0.500000 1.700000 21027.250000
-0.500000 1.800000 24027.250000
-0.500000 1.900000 27227.250000
-0.500000 2.000000 30627.250000

-0.400000 -0.500000 4357.960000
-0.400000 -0.400000 3137.960000
-0.400000 -0.300000 2117.960000
-0.400000 -0.200000 1297.960000
-0.400000 -0.100000 677.960000
-0.400000 -0.000000 257.960000
-0.400000 0.100000 37.960000
-0.400000 0.200000 17.960000
-0.400000 0.300000 197.960000
-0.400000 0.400000 577.960000
-0.400000 0.500000 1157.960000
-0.400000 0.600000 1937.960000
-0.400000 0.700000 2917.960000
-0.400000 0.800000 4097.960000
-0.400000 0.900000 5477.960000
-0.400000 1.000000 7057.960000
-0.400000 1.100000 8837.960000
-0.400000 1.200000 10817.960000
-0.400000 1.300000 12997.960000
-0.400000 1.400000 15377.960000
-0.400000 1.500000 17957.960000
-0.400000 1.600000 20737.960000
-0.400000 1.700000 23717.960000
-0.400000 1.800000 26897.960000
-0.400000 1.900000 30277.960000
-0.400000 2.000000 33857.960000

-0.300000 -0.500000 3482.690000
-0.300000 -0.400000 2402.690000
-0.300000 -0.300000 1522.690000
-0.300000 -0.200000 842.690000
-0.300000 -0.100000 362.690000
-0.300000 -0.000000 82.690000
-0.300000 0.100000 2.690000
-0.300000 0.200000 122.690000
-0.300000 0.300000 442.690000
-0.300000 0.400000 962.690000
-0.300000 0.500000 1682.690000
-0.300000 0.600000 2602.690000
-0.300000 0.700000 3722.690000
-0.300000 0.800000 5042.690000
-0.300000 0.900000 6562.690000
-0.300000 1.000000 8282.690000
-0.300000 1.100000 10202.690000
-0.300000 1.200000 12322.690000
-0.300000 1.300000 14642.690000
-0.300000 1.400000 17162.690000
-0.300000 1.500000 19882.690000
-0.300000 1.600000 22802.690000
-0.300000 1.700000 25922.690000
-0.300000 1.800000 29242.690000
-0.300000 1.900000 32762.690000
-0.300000 2.000000 36482.690000

-0.200000 -0.500000 2917.440000
-0.200000 -0.400000 1937.440000
-0.200000 -0.300000 1157.440000
-0.200000 -0.200000 577.440000
-0.200000 -0.100000 197.440000
-0.200000 -0.000000 17.440000
-0.200000 0.100000 37.440000
-0.200000 0.200000 257.440000
-0.200000 0.300000 677.440000
-0.200000 0.400000 1297.440000
-0.200000 0.500000 2117.440000
-0.200000 0.600000 3137.440000
-0.200000 0.700000 4357.440000
-0.200000 0.800000 5777.440000
-0.200000 0.900000 7397.440000
-0.200000 1.000000 9217.440000
-0.200000 1.100000 11237.440000
-0.200000 1.200000 13457.440000
-0.200000 1.300000 15877.440000
-0.200000 1.400000 18497.440000
-0.200000 1.500000 21317.440000
-0.200000 1.600000 24337.440000
-0.200000 1.700000 27557.440000
-0.200000 1.800000 30977.440000
-0.200000 1.900000 34597.440000
-0.200000 2.000000 38417.440000

-0.100000 -0.500000 2602.210000
-0.100000 -0.400000 1682.210000
-0.100000 -0.300000 962.210000
-0.100000 -0.200000 442.210000
-0.100000 -0.100000 122.210000
-0.100000 -0.000000 2.210000
-0.100000 0.100000 82.210000
-0.100000 0.200000 362.210000
-0.100000 0.300000 842.210000
-0.100000 0.400000 1522.210000
-0.100000 0.500000 2402.210000
-0.100000 0.600000 3482.210000
-0.100000 0.700000 4762.210000
-0.100000 0.800000 6242.210000
-0.100000 0.900000 7922.210000
-0.100000 1.000000 9802.210000
-0.100000 1.100000 11882.210000
-0.100000 1.200000 14162.210000
-0.100000 1.300000 16642.210000
-0.100000 1.400000 19322.210000
-0.100000 1.500000 22202.210000
-0.100000 1.600000 25282.210000
-0.100000 1.700000 28562.210000
-0.100000 1.800000 32042.210000
-0.100000 1.900000 35722.210000
-0.100000 2.000000 39602.210000

-0.000000 -0.500000 2501.000000
-0.000000 -0.400000 1601.000000
-0.000000 -0.300000 901.000000
-0.000000 -0.200000 401.000000
-0.000000 -0.100000 101.000000
-0.000000 -0.000000 1.000000
-0.000000 0.100000 101.000000
-0.000000 0.200000 401.000000
-0.000000 0.300000 901.000000
-0.000000 0.400000 1601.000000
-0.000000 0.500000 2501.000000
-0.000000 0.600000 3601.000000
-0.000000 0.700000 4901.000000
-0.000000 0.800000 6401.000000
-0.000000 0.900000 8101.000000
-0.000000 1.000000 10001.000000
-0.000000 1.100000 12101.000000
-0.000000 1.200000 14401.000000
-0.000000 1.300000 16901.000000
-0.000000 1.400000 19601.000000
-0.000000 1.500000 22501.000000
-0.000000 1.600000 25601.000000
-0.000000 1.700000 28901.000000
-0.000000 1.800000 32401.000000
-0.000000 1.900000 36101.000000
-0.000000 2.000000 40001.000000

0.100000 -0.500000 2601.810000
0.100000 -0.400000 1681.810000
0.100000 -0.300000 961.810000
0.100000 -0.200000 441.810000
0.100000 -0.100000 121.810000
0.100000 -0.000000 1.810000
0.100000 0.100000 81.810000
0.100000 0.200000 361.810000
0.100000 0.300000 841.810000
0.100000 0.400000 1521.810000
0.100000 0.500000 2401.810000
0.100000 0.600000 3481.810000
0.100000 0.700000 4761.810000
0.100000 0.800000 6241.810000
0.100000 0.900000 7921.810000
0.100000 1.000000 9801.810000
0.100000 1.100000 11881.810000
0.100000 1.200000 14161.810000
0.100000 1.300000 16641.810000
0.100000 1.400000 19321.810000
0.100000 1.500000 22201.810000
0.100000 1.600000 25281.810000
0.100000 1.700000 28561.810000
0.100000 1.800000 32041.810000
0.100000 1.900000 35721.810000
0.100000 2.000000 39601.810000

0.200000 -0.500000 2916.640000
0.200000 -0.400000 1936.640000
0.200000 -0.300000 1156.640000
0.200000 -0.200000 576.640000
0.200000 -0.100000 196.640000
0.200000 -0.000000 16.640000
0.200000 0.100000 36.640000
0.200000 0.200000 256.640000
0.200000 0.300000 676.640000
0.200000 0.400000 1296.640000
0.200000 0.500000 2116.640000
0.200000 0.600000 3136.640000
0.200000 0.700000 4356.640000
0.200000 0.800000 5776.640000
0.200000 0.900000 7396.640000
0.200000 1.000000 9216.640000
0.200000 1.100000 11236.640000
0.200000 1.200000 13456.640000
0.200000 1.300000 15876.640000
0.200000 1.400000 18496.640000
0.200000 1.500000 21316.640000
0.200000 1.600000 24336.640000
0.200000 1.700000 27556.640000
0.200000 1.800000 30976.640000
0.200000 1.900000 34596.640000
0.200000 2.000000 38416.640000

0.300000 -0.500000 3481.490000
0.300000 -0.400000 2401.490000
0.300000 -0.300000 1521.490000
0.300000 -0.200000 841.490000
0.300000 -0.100000 361.490000
0.300000 -0.000000 81.490000
0.300000 0.100000 1.490000
0.300000 0.200000 121.490000
0.300000 0.300000 441.490000
0.300000 0.400000 961.490000
0.300000 0.500000 1681.490000
0.300000 0.600000 2601.490000
0.300000 0.700000 3721.490000
0.300000 0.800000 5041.490000
0.300000 0.900000 6561.490000
0.300000 1.000000 8281.490000
0.300000 1.100000 10201.490000
0.300000 1.200000 12321.490000
0.300000 1.300000 14641.490000
0.300000 1.400000 17161.490000
0.300000 1.500000 19881.490000
0.300000 1.600000 22801.490000
0.300000 1.700000 25921.490000
0.300000 1.800000 29241.490000
0.300000 1.900000 32761.490000
0.300000 2.000000 36481.490000

0.400000 -0.500000 4356.360000
0.400000 -0.400000 3136.360000
0.400000 -0.300000 2116.360000
0.400000 -0.200000 1296.360000
0.400000 -0.100000 676.360000
0.400000 -0.000000 256.360000
0.400000 0.100000 36.360000
0.400000 0.200000 16.360000
0.400000 0.300000 196.360000
0.400000 0.400000 576.360000
0.400000 0.500000 1156.360000
0.400000 0.600000 1936.360000
0.400000 0.700000 2916.360000
0.400000 0.800000 4096.360000
0.400000 0.900000 5476.360000
0.400000 1.000000 7056.360000
0.400000 1.100000 8836.360000
0.400000 1.200000 10816.360000
0.400000 1.300000 12996.360000
0.400000 1.400000 15376.360000
0.400000 1.500000 17956.360000
0.400000 1.600000 20736.360000
0.400000 1.700000 23716.360000
0.400000 1.800000 26896.360000
0.400000 1.900000 30276.360000
0.400000 2.000000 33856.360000

0.500000 -0.500000 5625.250000
0.500000 -0.400000 4225.250000
0.500000 -0.300000 3025.250000
0.500000 -0.200000 2025.250000
0.500000 -0.100000 1225.250000
0.500000 -0.000000 625.250000
0.500000 0.100000 225.250000
0.500000 0.200000 25.250000
0.500000 0.300000 25.250000
0.500000 0.400000 225.250000
0.500000 0.500000 625.250000
0.500000 0.600000 1225.250000
0.500000 0.700000 2025.250000
0.500000 0.800000 3025.250000
0.500000 0.900000 4225.250000
0.500000 1.000000 5625.250000
0.500000 1.100000 7225.250000
0.500000 1.200000 9025.250000
0.500000 1.300000 11025.250000
0.500000 1.400000 13225.250000
0.500000 1.500000 15625.250000
0.500000 1.600000 18225.250000
0.500000 1.700000 21025.250000
0.500000 1.800000 24025.250000
0.500000 1.900000 27225.250000
0.500000 2.000000 30625.250000

0.600000 -0.500000 7396.160000
0.600000 -0.400000 5776.160000
0.600000 -0.300000 4356.160000
0.600000 -0.200000 3136.160000
0.600000 -0.100000 2116.160000
0.600000 -0.000000 1296.160000
0.600000 0.100000 676.160000
0.600000 0.200000 256.160000
0.600000 0.300000 36.160000
0.600000 0.400000 16.160000
0.600000 0.500000 196.160000
0.600000 0.600000 576.160000
0.600000 0.700000 1156.160000
0.600000 0.800000 1936.160000
0.600000 0.900000 2916.160000
0.600000 1.000000 4096.160000
0.600000 1.100000 5476.160000
0.600000 1.200000 7056.160000
0.600000 1.300000 8836.160000
0.600000 1.400000 10816.160000
0.600000 1.500000 12996.160000
0.600000 1.600000 15376.160000
0.600000 1.700000 17956.160000
0.600000 1.800000 20736.160000
0.600000 1.900000 23716.160000
0.600000 2.000000 26896.160000

0.700000 -0.500000 9801.090000
0.700000 -0.400000 7921.090000
0.700000 -0.300000 6241.090000
0.700000 -0.200000 4761.090000
0.700000 -0.100000 3481.090000
0.700000 -0.000000 2401.090000
0.700000 0.100000 1521.090000
0.700000 0.200000 841.090000
0.700000 0.300000 361.090000
0.700000 0.400000 81.090000
0.700000 0.500000 1.090000
0.700000 0.600000 121.090000
0.700000 0.700000 441.090000
0.700000 0.800000 961.090000
0.700000 0.900000 1681.090000
0.700000 1.000000 2601.090000
0.700000 1.100000 3721.090000
0.700000 1.200000 5041.090000
0.700000 1.300000 6561.090000
0.700000 1.400000 8281.090000
0.700000 1.500000 10201.090000
0.700000 1.600000 12321.090000
0.700000 1.700000 14641.090000
0.700000 1.800000 17161.090000
0.700000 1.900000 19881.090000
0.700000 2.000000 22801.090000

0.800000 -0.500000 12996.040000
0.800000 -0.400000 10816.040000
0.800000 -0.300000 8836.040000
0.800000 -0.200000 7056.040000
0.800000 -0.100000 5476.040000
0.800000 -0.000000 4096.040000
0.800000 0.100000 2916.040000
0.800000 0.200000 1936.040000
0.800000 0.300000 1156.040000
0.800000 0.400000 576.040000
0.800000 0.500000 196.040000
0.800000 0.600000 16.040000
0.800000 0.700000 36.040000
0.800000 0.800000 256.040000
0.800000 0.900000 676.040000
0.800000 1.000000 1296.040000
0.800000 1.100000 2116.040000
0.800000 1.200000 3136.040000
0.800000 1.300000 4356.040000
0.800000 1.400000 5776.040000
0.800000 1.500000 7396.040000
0.800000 1.600000 9216.040000
0.800000 1.700000 11236.040000
0.800000 1.800000 13456.040000
0.800000 1.900000 15876.040000
0.800000 2.000000 18496.040000

0.900000 -0.500000 17161.010000
0.900000 -0.400000 14641.010000
0.900000 -0.300000 12321.010000
0.900000 -0.200000 10201.010000
0.900000 -0.100000 8281.010000
0.900000 -0.000000 6561.010000
0.900000 0.100000 5041.010000
0.900000 0.200000 3721.010000
0.900000 0.300000 2601.010000
0.900000 0.400000 1681.010000
0.900000 0.500000 961.010000
0.900000 0.600000 441.010000
0.900000 0.700000 121.010000
0.900000 0.800000 1.010000
0.900000 0.900000 81.010000
0.900000 1.000000 361.010000
0.900000 1.100000 841.010000
0.900000 1.200000 1521.010000
0.900000 1.300000 2401.010000
0.900000 1.400000 3481.010000
0.900000 1.500000 4761.010000
0.900000 1.600000 6241.010000
0.900000 1.700000 7921.010000
0.900000 1.800000 9801.010000
0.900000 1.900000 11881.010000
0.900000 2.000000 14161.010000

1.000000 -0.500000 22500.000000
1.000000 -0.400000 19600.000000
1.000000 -0.300000 16900.000000
1.000000 -0.200000 14400.000000
1.000000 -0.100000 12100.000000
1.000000 -0.000000 10000.000000
1.000000 0.100000 8100.000000
1.000000 0.200000 6400.000000
1.000000 0.300000 4900.000000
1.000000 0.400000 3600.000000
1.000000 0.500000 2500.000000
1.000000 0.600000 1600.000000
1.000000 0.700000 900.000000
1.000000 0.800000 400.000000
1.000000 0.900000 100.000000
1.000000 1.000000 0.000000
1.000000 1.100000 100.000000
1.000000 1.200000 400.000000
1.000000 1.300000 900.000000
1.000000 1.400000 1600.000000
1.000000 1.500000 2500.000000
1.000000 1.600000 3600.000000
1.000000 1.700000 4900.000000
1.000000 1.800000 6400.000000
1.000000 1.900000 8100.000000
1.000000 2.000000 10000.000000

1.100000 -0.500000 29241.010000
1.100000 -0.400000 25921.010000
1.100000 -0.300000 22801.010000
1.100000 -0.200000 19881.010000
1.100000 -0.100000 17161.010000
1.100000 -0.000000 14641.010000
1.100000 0.100000 12321.010000
1.100000 0.200000 10201.010000
1.100000 0.300000 8281.010000
1.100000 0.400000 6561.010000
1.100000 0.500000 5041.010000
1.100000 0.600000 3721.010000
1.100000 0.700000 2601.010000
1.100000 0.800000 1681.010000
1.100000 0.900000 961.010000
1.100000 1.000000 441.010000
1.100000 1.100000 121.010000
1.100000 1.200000 1.010000
1.100000 1.300000 81.010000
1.100000 1.400000 361.010000
1.100000 1.500000 841.010000
1.100000 1.600000 1521.010000
1.100000 1.700000 2401.010000
1.100000 1.800000 3481.010000
1.100000 1.900000 4761.010000
1.100000 2.000000 6241.010000

1.200000 -0.500000 37636.040000
1.200000 -0.400000 33856.040000
1.200000 -0.300000 30276.040000
1.200000 -0.200000 26896.040000
1.200000 -0.100000 23716.040000
1.200000 -0.000000 20736.040000
1.200000 0.100000 17956.040000
1.200000 0.200000 15376.040000
1.200000 0.300000 12996.040000
1.200000 0.400000 10816.040000
1.200000 0.500000 8836.040000
1.200000 0.600000 7056.040000
1.200000 0.700000 5476.040000
1.200000 0.800000 4096.040000
1.200000 0.900000 2916.040000
1.200000 1.000000 1936.040000
1.200000 1.100000 1156.040000
1.200000 1.200000 576.040000
1.200000 1.300000 196.040000
1.200000 1.400000 16.040000
1.200000 1.500000 36.040000
1.200000 1.600000 256.040000
1.200000 1.700000 676.040000
1.200000 1.800000 1296.040000
1.200000 1.900000 2116.040000
1.200000 2.000000 3136.040000



-0.500000 1.750000
-1.142419 0.893275
-1.002809 0.986100
-0.918244 0.836060
-0.843637 0.706196
-0.767030 0.582503
-0.689381 0.469250
-0.611125 0.367380
-0.532857 0.277838
-0.455124 0.201118
-0.378459 0.137373
-0.303367 0.086408
-0.230328 0.047728
-0.159798 0.020569
-0.092192 0.003934
-0.027873 -0.003358
0.032893 -0.002611
0.089988 0.004836
0.143479 0.017721
0.193621 0.034970
0.240795 0.055751
0.285430 0.079471
0.327928 0.105723
0.368632 0.134225
0.407805 0.164762
0.445640 0.197155
0.482269 0.231234
0.517778 0.266826
0.552221 0.303754
0.585627 0.341835
0.618008 0.380878
0.649364 0.420684
0.679689 0.461051
0.708966 0.501770
0.737174 0.542625
0.764288 0.583396
0.790274 0.623854
0.815097 0.663764
0.838715 0.702882
0.861079 0.740954
0.882134 0.777714
0.901817 0.812884
0.920054 0.846166
0.936762 0.877243
0.951840 0.905772
0.965169 0.931373
0.976604 0.953625
0.985967 0.972043
0.993042 0.986082
0.997603 0.995191
0.999638 0.999272
0.999980 0.999959
1.000000 0.999999
1.000000 1.000000


-0.500000 1.750000
-0.946006 1.109349
-0.921962 0.850093
-0.691178 0.472692
-0.415856 0.165195
-0.135440 0.012083
0.128552 0.014498
0.393660 0.156838
0.667141 0.449487
0.796457 0.635023
0.923422 0.853111
0.985892 0.972006
0.998922 0.997845
0.999970 0.999941
1.000000 0.999999
1.000000 1.000000


