0.000000 0.100000 0.000000
0.100000 0.200000 0.000000
0.200000 0.300000 0.000000
0.300000 0.400000 0.000000
0.400000 0.500000 0.000000
0.500000 0.600000 0.000000
0.600000 0.700000 0.000000
0.700000 0.800000 0.000000
0.800000 0.900000 0.000000
0.900000 1.000000 0.000000
1.000000 1.100000 0.000000
1.100000 1.200000 0.000000
1.200000 1.300000 0.000000
1.300000 1.400000 0.000000
1.400000 1.500000 0.000000
1.500000 1.600000 210.000000
1.600000 1.700000 221.000000
1.700000 1.800000 237.000000
1.800000 1.900000 207.000000
1.900000 2.000000 208.000000
2.000000 2.100000 212.000000
2.100000 2.200000 214.000000
2.200000 2.300000 177.000000
2.300000 2.400000 204.000000
2.400000 2.500000 172.000000
2.500000 2.600000 194.000000
2.600000 2.700000 167.000000
2.700000 2.800000 166.000000
2.800000 2.900000 174.000000
2.900000 3.000000 157.000000
3.000000 3.100000 159.000000
3.100000 3.200000 126.000000
3.200000 3.300000 146.000000
3.300000 3.400000 135.000000
3.400000 3.500000 129.000000
3.500000 3.600000 124.000000
3.600000 3.700000 110.000000
3.700000 3.800000 109.000000
3.800000 3.900000 120.000000
3.900000 4.000000 103.000000
4.000000 4.100000 104.000000
4.100000 4.200000 107.000000
4.200000 4.300000 104.000000
4.300000 4.400000 94.000000
4.400000 4.500000 88.000000
4.500000 4.600000 97.000000
4.600000 4.700000 82.000000
4.700000 4.800000 81.000000
4.800000 4.900000 69.000000
4.900000 5.000000 74.000000
5.000000 5.100000 67.000000
5.100000 5.200000 77.000000
5.200000 5.300000 66.000000
5.300000 5.400000 61.000000
5.400000 5.500000 66.000000
5.500000 5.600000 57.000000
5.600000 5.700000 62.000000
5.700000 5.800000 54.000000
5.800000 5.900000 52.000000
5.900000 6.000000 44.000000
6.000000 6.100000 43.000000
6.100000 6.200000 44.000000
6.200000 6.300000 46.000000
6.300000 6.400000 35.000000
6.400000 6.500000 37.000000
6.500000 6.600000 32.000000
6.600000 6.700000 37.000000
6.700000 6.800000 27.000000
6.800000 6.900000 38.000000
6.900000 7.000000 37.000000
7.000000 7.100000 38.000000
7.100000 7.200000 24.000000
7.200000 7.300000 33.000000
7.300000 7.400000 24.000000
7.400000 7.500000 25.000000
7.500000 7.600000 24.000000
7.600000 7.700000 20.000000
7.700000 7.800000 23.000000
7.800000 7.900000 19.000000
7.900000 8.000000 26.000000
8.000000 8.100000 18.000000
8.100000 8.200000 22.000000
8.200000 8.300000 22.000000
8.300000 8.400000 15.000000
8.400000 8.500000 14.000000
8.500000 8.600000 20.000000
8.600000 8.700000 17.000000
8.700000 8.800000 15.000000
8.800000 8.900000 9.000000
8.900000 9.000000 8.000000
9.000000 9.100000 12.000000
9.100000 9.200000 7.000000
9.200000 9.300000 10.000000
9.300000 9.400000 12.000000
9.400000 9.500000 9.000000
9.500000 9.600000 13.000000
9.600000 9.700000 12.000000
9.700000 9.800000 11.000000
9.800000 9.900000 13.000000
9.900000 10.000000 8.000000
