1.00000e+00 -1.45686e+00 -1.15474e+01
2.00000e+00 -1.95608e+00 6.90647e-02
3.00000e+00 -1.88481e+00 7.36425e-02
4.00000e+00 -1.80842e+00 7.93679e-02
5.00000e+00 -1.72550e+00 8.68268e-02
6.00000e+00 -1.63383e+00 9.71295e-02
7.00000e+00 -1.52952e+00 1.12715e-01
8.00000e+00 -1.40454e+00 1.40376e-01
9.00000e+00 -1.23605e+00 2.10149e-01
1.00000e+01 -8.53916e-01 9.01984e-01
1.10000e+01 1.99274e+00 -6.69455e-02
1.20000e+01 1.92381e+00 -7.10572e-02
1.30000e+01 1.85032e+00 -7.61105e-02
1.40000e+01 1.77113e+00 -8.25398e-02
1.50000e+01 1.68453e+00 -9.11205e-02
1.60000e+01 1.58767e+00 -1.03413e-01
1.70000e+01 1.47528e+00 -1.23181e-01
1.80000e+01 1.33506e+00 -1.62840e-01
1.90000e+01 1.12079e+00 -3.05570e-01
2.00000e+01 -1.59837e+00 -9.82301e+00
2.10000e+01 -1.96148e+00 6.87433e-02
2.20000e+01 -1.89057e+00 7.32476e-02
2.30000e+01 -1.81462e+00 7.88663e-02
2.40000e+01 -1.73228e+00 8.61590e-02
2.50000e+01 -1.64141e+00 9.61768e-02
2.60000e+01 -1.53829e+00 1.11197e-01
2.70000e+01 -1.41542e+00 1.37412e-01
2.80000e+01 -1.25215e+00 2.00819e-01
2.90000e+01 -9.15979e-01 6.98133e-01
3.00000e+01 1.99798e+00 -6.66422e-02
3.10000e+01 1.92936e+00 -7.07053e-02
3.20000e+01 1.85626e+00 -7.56719e-02
3.30000e+01 1.77758e+00 -8.19715e-02
3.40000e+01 1.69164e+00 -9.03420e-02
3.50000e+01 1.59573e+00 -1.02252e-01
3.60000e+01 1.48485e+00 -1.21185e-01
3.70000e+01 1.34764e+00 -1.58256e-01
3.80000e+01 1.14377e+00 -2.81644e-01
3.90000e+01 -5.76613e-01 -1.26648e+01
4.00000e+01 -1.96686e+00 6.84268e-02
4.10000e+01 -1.89629e+00 7.28598e-02
4.20000e+01 -1.82078e+00 7.83750e-02
4.30000e+01 -1.73901e+00 8.55074e-02
4.40000e+01 -1.64891e+00 9.52534e-02
4.50000e+01 -1.54695e+00 1.09742e-01
4.60000e+01 -1.42608e+00 1.34632e-01
4.70000e+01 -1.26756e+00 1.92566e-01
4.80000e+01 -9.65230e-01 5.67682e-01
4.90000e+01 2.00319e+00 -6.62229e-02
5.00000e+01 1.93489e+00 -7.03588e-02
5.10000e+01 1.86218e+00 -7.52414e-02
5.20000e+01 1.78398e+00 -8.14156e-02
5.30000e+01 1.69869e+00 -8.95845e-02
5.40000e+01 1.60370e+00 -1.01133e-01
5.50000e+01 1.49428e+00 -1.19287e-01
5.60000e+01 1.35987e+00 -1.54035e-01
5.70000e+01 1.16505e+00 -2.61951e-01
5.80000e+01 1.42891e-01 -6.13207e+00
5.90000e+01 -1.97221e+00 6.81150e-02
6.00000e+01 -1.90199e+00 7.24784e-02
6.10000e+01 -1.82690e+00 7.78933e-02
6.20000e+01 -1.74568e+00 8.48713e-02
6.30000e+01 -1.65634e+00 9.43576e-02
6.40000e+01 -1.55550e+00 1.08345e-01
6.50000e+01 -1.43653e+00 1.32018e-01
6.60000e+01 -1.28235e+00 1.85208e-01
6.70000e+01 -1.00603e+00 4.78809e-01
6.80000e+01 2.00833e+00 -6.45142e-02
6.90000e+01 1.94039e+00 -7.00179e-02
7.00000e+01 1.86806e+00 -7.48186e-02
7.10000e+01 1.79034e+00 -8.08716e-02
7.20000e+01 1.70568e+00 -8.88470e-02
7.30000e+01 1.61158e+00 -1.00051e-01
7.40000e+01 1.50355e+00 -1.17479e-01
7.50000e+01 1.37179e+00 -1.50135e-01
7.60000e+01 1.18491e+00 -2.45468e-01
7.70000e+01 4.84591e-01 -3.05853e+00
7.80000e+01 -1.97754e+00 6.78077e-02
7.90000e+01 -1.90765e+00 7.21034e-02
8.00000e+01 -1.83299e+00 7.74210e-02
8.10000e+01 -1.75231e+00 8.42502e-02
8.20000e+01 -1.66370e+00 9.34883e-02
8.30000e+01 -1.56393e+00 1.07003e-01
8.40000e+01 -1.44678e+00 1.29554e-01
8.50000e+01 -1.29661e+00 1.78603e-01
8.60000e+01 -1.04093e+00 4.15185e-01
8.70000e+01 2.01299e+00 -4.86619e-02
8.80000e+01 1.94586e+00 -6.96821e-02
8.90000e+01 1.87390e+00 -7.44034e-02
9.00000e+01 1.79665e+00 -8.03392e-02
9.10000e+01 1.71261e+00 -8.81285e-02
9.20000e+01 1.61938e+00 -9.90050e-02
9.30000e+01 1.51269e+00 -1.15754e-01
9.40000e+01 1.38341e+00 -1.46518e-01
9.50000e+01 1.20359e+00 -2.31470e-01
9.60000e+01 6.68012e-01 -1.79285e+00
9.70000e+01 -1.98284e+00 6.75047e-02
9.80000e+01 -1.91329e+00 7.17346e-02
9.90000e+01 -1.83904e+00 7.69577e-02
1.00000e+02 -1.75889e+00 8.36435e-02
