0.010101 3.173059613385e-02 3.172793349807e-02
0.020202 6.342924224708e-02 6.342391965656e-02
0.030303 9.506402049003e-02 9.505604330418e-02
0.040404 1.266030773226e-01 1.265924535737e-01
0.050505 1.580146555880e-01 1.580013959733e-01
0.060606 1.892671264895e-01 1.892512443604e-01
0.070707 2.203290214381e-01 2.203105327865e-01
0.080808 2.511690637386e-01 2.511479871811e-01
0.090909 2.817562000827e-01 2.817325568414e-01
0.101010 3.120596318167e-01 3.120334456985e-01
0.111111 3.420488459536e-01 3.420201433257e-01
0.121212 3.716936458969e-01 3.716624556603e-01
0.131313 4.009641818459e-01 4.009305354066e-01
0.141414 4.298309808521e-01 4.297949120892e-01
0.151515 4.582649764957e-01 4.582265217274e-01
0.161616 4.862375381535e-01 4.861967361005e-01
0.171717 5.137204998270e-01 5.136773915734e-01
0.181818 5.406861885033e-01 5.406408174556e-01
0.191919 5.671074520199e-01 5.670598638628e-01
0.202020 5.929576864038e-01 5.929079290546e-01
0.212121 6.182108626605e-01 6.181589862206e-01
0.222222 6.428415529819e-01 6.427876096865e-01
0.232323 6.668249563509e-01 6.667690005163e-01
0.242424 6.901369235131e-01 6.900790114821e-01
0.252525 7.127539812937e-01 7.126941713789e-01
0.262626 7.346533562328e-01 7.345917086575e-01
0.272727 7.558129975160e-01 7.557495743543e-01
0.282828 7.762115991782e-01 7.761464642918e-01
0.292929 7.958286215568e-01 7.957618405308e-01
0.303030 8.146443119729e-01 8.145759520503e-01
0.313131 8.326397246213e-01 8.325698546348e-01
0.323232 8.497967396468e-01 8.497254299495e-01
0.333333 8.660980813897e-01 8.660254037844e-01
0.343434 8.815273357807e-01 8.814533634476e-01
0.353535 8.960689668683e-01 8.959937742913e-01
0.363636 9.097083324629e-01 9.096319953545e-01
0.373737 9.224316988793e-01 9.223542941046e-01
0.383838 9.342262547662e-01 9.341478602651e-01
0.393939 9.450801240055e-01 9.450008187147e-01
0.404040 9.549823776709e-01 9.549022414441e-01
0.414141 9.639230450324e-01 9.638421585599e-01
0.424242 9.718931235958e-01 9.718115683235e-01
0.434343 9.788845881676e-01 9.788024462148e-01
0.444444 9.848903989356e-01 9.848077530122e-01
0.454545 9.899045085574e-01 9.898214418809e-01
0.464646 9.939218682498e-01 9.938384644613e-01
0.474747 9.969384328719e-01 9.968547759519e-01
0.484848 9.989511649991e-01 9.988673391830e-01
0.494949 9.999580379805e-01 9.998741276739e-01
0.505051 9.999580379805e-01 9.998741276739e-01
0.515152 9.989511649991e-01 9.988673391830e-01
0.525253 9.969384328719e-01 9.968547759519e-01
0.535354 9.939218682498e-01 9.938384644613e-01
0.545455 9.899045085574e-01 9.898214418809e-01
0.555556 9.848903989356e-01 9.848077530122e-01
0.565657 9.788845881676e-01 9.788024462148e-01
0.575758 9.718931235958e-01 9.718115683235e-01
0.585859 9.639230450324e-01 9.638421585599e-01
0.595960 9.549823776709e-01 9.549022414441e-01
0.606061 9.450801240055e-01 9.450008187147e-01
0.616162 9.342262547662e-01 9.341478602651e-01
0.626263 9.224316988793e-01 9.223542941046e-01
0.636364 9.097083324629e-01 9.096319953545e-01
0.646465 8.960689668683e-01 8.959937742913e-01
0.656566 8.815273357807e-01 8.814533634476e-01
0.666667 8.660980813897e-01 8.660254037844e-01
0.676768 8.497967396468e-01 8.497254299495e-01
0.686869 8.326397246213e-01 8.325698546348e-01
0.696970 8.146443119729e-01 8.145759520503e-01
0.707071 7.958286215568e-01 7.957618405308e-01
0.717172 7.762115991782e-01 7.761464642918e-01
0.727273 7.558129975160e-01 7.557495743543e-01
0.737374 7.346533562328e-01 7.345917086575e-01
0.747475 7.127539812937e-01 7.126941713789e-01
0.757576 6.901369235131e-01 6.900790114821e-01
0.767677 6.668249563509e-01 6.667690005163e-01
0.777778 6.428415529819e-01 6.427876096865e-01
0.787879 6.182108626605e-01 6.181589862206e-01
0.797980 5.929576864038e-01 5.929079290546e-01
0.808081 5.671074520199e-01 5.670598638628e-01
0.818182 5.406861885033e-01 5.406408174556e-01
0.828283 5.137204998270e-01 5.136773915734e-01
0.838384 4.862375381535e-01 4.861967361005e-01
0.848485 4.582649764957e-01 4.582265217274e-01
0.858586 4.298309808521e-01 4.297949120892e-01
0.868687 4.009641818459e-01 4.009305354066e-01
0.878788 3.716936458969e-01 3.716624556603e-01
0.888889 3.420488459536e-01 3.420201433257e-01
0.898990 3.120596318167e-01 3.120334456985e-01
0.909091 2.817562000827e-01 2.817325568414e-01
0.919192 2.511690637386e-01 2.511479871811e-01
0.929293 2.203290214381e-01 2.203105327865e-01
0.939394 1.892671264895e-01 1.892512443604e-01
0.949495 1.580146555880e-01 1.580013959733e-01
0.959596 1.266030773226e-01 1.265924535737e-01
0.969697 9.506402049003e-02 9.505604330418e-02
0.979798 6.342924224708e-02 6.342391965656e-02
0.989899 3.173059613385e-02 3.172793349807e-02
