0.50000 0.50000
0.75000 0.25000
0.25000 0.75000
0.37500 0.37500
0.87500 0.87500
0.62500 0.12500
0.12500 0.62500
0.18750 0.31250
0.68750 0.81250
0.93750 0.06250
0.43750 0.56250
0.31250 0.18750
0.81250 0.68750
0.56250 0.43750
0.06250 0.93750
0.09375 0.46875
0.59375 0.96875
0.84375 0.21875
0.34375 0.71875
0.46875 0.09375
0.96875 0.59375
0.71875 0.34375
0.21875 0.84375
0.15625 0.15625
0.65625 0.65625
0.90625 0.40625
0.40625 0.90625
0.28125 0.28125
0.78125 0.78125
0.53125 0.03125
0.03125 0.53125
0.04688 0.26562
0.54688 0.76562
0.79688 0.01562
0.29688 0.51562
0.42188 0.14062
0.92188 0.64062
0.67188 0.39062
0.17188 0.89062
0.23438 0.07812
0.73438 0.57812
0.98438 0.32812
0.48438 0.82812
0.35938 0.45312
0.85938 0.95312
0.60938 0.20312
0.10938 0.70312
0.07812 0.23438
0.57812 0.73438
0.82812 0.48438
0.32812 0.98438
0.45312 0.35938
0.95312 0.85938
0.70312 0.10938
0.20312 0.60938
0.14062 0.42188
0.64062 0.92188
0.89062 0.17188
0.39062 0.67188
0.26562 0.04688
0.76562 0.54688
0.51562 0.29688
0.01562 0.79688
0.02344 0.39844
0.52344 0.89844
0.77344 0.14844
0.27344 0.64844
0.39844 0.02344
0.89844 0.52344
0.64844 0.27344
0.14844 0.77344
0.21094 0.21094
0.71094 0.71094
0.96094 0.46094
0.46094 0.96094
0.33594 0.33594
0.83594 0.83594
0.58594 0.08594
0.08594 0.58594
0.11719 0.11719
0.61719 0.61719
0.86719 0.36719
0.36719 0.86719
0.49219 0.49219
0.99219 0.99219
0.74219 0.24219
0.24219 0.74219
0.17969 0.30469
0.67969 0.80469
0.92969 0.05469
0.42969 0.55469
0.30469 0.17969
0.80469 0.67969
0.55469 0.42969
0.05469 0.92969
0.03906 0.13281
0.53906 0.63281
0.78906 0.38281
0.28906 0.88281
0.41406 0.25781
0.91406 0.75781
0.66406 0.00781
0.16406 0.50781
0.22656 0.44531
0.72656 0.94531
0.97656 0.19531
0.47656 0.69531
0.35156 0.07031
0.85156 0.57031
0.60156 0.32031
0.10156 0.82031
0.07031 0.35156
0.57031 0.85156
0.82031 0.10156
0.32031 0.60156
0.44531 0.22656
0.94531 0.72656
0.69531 0.47656
0.19531 0.97656
0.13281 0.03906
0.63281 0.53906
0.88281 0.28906
0.38281 0.78906
0.25781 0.41406
0.75781 0.91406
0.50781 0.16406
0.00781 0.66406
0.01172 0.33203
0.51172 0.83203
0.76172 0.08203
0.26172 0.58203
0.38672 0.20703
0.88672 0.70703
0.63672 0.45703
0.13672 0.95703
0.19922 0.01953
0.69922 0.51953
0.94922 0.26953
0.44922 0.76953
0.32422 0.39453
0.82422 0.89453
0.57422 0.14453
0.07422 0.64453
0.10547 0.17578
0.60547 0.67578
0.85547 0.42578
0.35547 0.92578
0.48047 0.30078
0.98047 0.80078
0.73047 0.05078
0.23047 0.55078
0.16797 0.48828
0.66797 0.98828
0.91797 0.23828
0.41797 0.73828
0.29297 0.11328
0.79297 0.61328
0.54297 0.36328
0.04297 0.86328
0.05859 0.06641
0.55859 0.56641
0.80859 0.31641
0.30859 0.81641
0.43359 0.44141
0.93359 0.94141
0.68359 0.19141
0.18359 0.69141
0.24609 0.25391
0.74609 0.75391
0.99609 0.00391
0.49609 0.50391
0.37109 0.12891
0.87109 0.62891
0.62109 0.37891
0.12109 0.87891
0.08984 0.41016
0.58984 0.91016
0.83984 0.16016
0.33984 0.66016
0.46484 0.03516
0.96484 0.53516
0.71484 0.28516
0.21484 0.78516
0.15234 0.22266
0.65234 0.72266
0.90234 0.47266
0.40234 0.97266
0.27734 0.34766
0.77734 0.84766
0.52734 0.09766
0.02734 0.59766
0.01953 0.19922
0.51953 0.69922
0.76953 0.44922
0.26953 0.94922
0.39453 0.32422
0.89453 0.82422
0.64453 0.07422
0.14453 0.57422
0.20703 0.38672
0.70703 0.88672
0.95703 0.13672
0.45703 0.63672
0.33203 0.01172
0.83203 0.51172
0.58203 0.26172
0.08203 0.76172
0.11328 0.29297
0.61328 0.79297
0.86328 0.04297
0.36328 0.54297
0.48828 0.16797
0.98828 0.66797
0.73828 0.41797
0.23828 0.91797
0.17578 0.10547
0.67578 0.60547
0.92578 0.35547
0.42578 0.85547
0.30078 0.48047
0.80078 0.98047
0.55078 0.23047
0.05078 0.73047
0.03516 0.46484
0.53516 0.96484
0.78516 0.21484
0.28516 0.71484
0.41016 0.08984
0.91016 0.58984
0.66016 0.33984
0.16016 0.83984
0.22266 0.15234
0.72266 0.65234
0.97266 0.40234
0.47266 0.90234
0.34766 0.27734
0.84766 0.77734
0.59766 0.02734
0.09766 0.52734
0.06641 0.05859
0.56641 0.55859
0.81641 0.30859
0.31641 0.80859
0.44141 0.43359
0.94141 0.93359
0.69141 0.18359
0.19141 0.68359
0.12891 0.37109
0.62891 0.87109
0.87891 0.12109
0.37891 0.62109
0.25391 0.24609
0.75391 0.74609
0.50391 0.49609
0.00391 0.99609
0.00586 0.49805
0.50586 0.99805
0.75586 0.24805
0.25586 0.74805
0.38086 0.12305
0.88086 0.62305
0.63086 0.37305
0.13086 0.87305
0.19336 0.18555
0.69336 0.68555
0.94336 0.43555
0.44336 0.93555
0.31836 0.31055
0.81836 0.81055
0.56836 0.06055
0.06836 0.56055
0.09961 0.02930
0.59961 0.52930
0.84961 0.27930
0.34961 0.77930
0.47461 0.40430
0.97461 0.90430
0.72461 0.15430
0.22461 0.65430
0.16211 0.34180
0.66211 0.84180
0.91211 0.09180
0.41211 0.59180
0.28711 0.21680
0.78711 0.71680
0.53711 0.46680
0.03711 0.96680
0.05273 0.23242
0.55273 0.73242
0.80273 0.48242
0.30273 0.98242
0.42773 0.35742
0.92773 0.85742
0.67773 0.10742
0.17773 0.60742
0.24023 0.41992
0.74023 0.91992
0.99023 0.16992
0.49023 0.66992
0.36523 0.04492
0.86523 0.54492
0.61523 0.29492
0.11523 0.79492
0.08398 0.26367
0.58398 0.76367
0.83398 0.01367
0.33398 0.51367
0.45898 0.13867
0.95898 0.63867
0.70898 0.38867
0.20898 0.88867
0.14648 0.07617
0.64648 0.57617
0.89648 0.32617
0.39648 0.82617
0.27148 0.45117
0.77148 0.95117
0.52148 0.20117
0.02148 0.70117
0.02930 0.09961
0.52930 0.59961
0.77930 0.34961
0.27930 0.84961
0.40430 0.47461
0.90430 0.97461
0.65430 0.22461
0.15430 0.72461
0.21680 0.28711
0.71680 0.78711
0.96680 0.03711
0.46680 0.53711
0.34180 0.16211
0.84180 0.66211
0.59180 0.41211
0.09180 0.91211
0.12305 0.38086
0.62305 0.88086
0.87305 0.13086
0.37305 0.63086
0.49805 0.00586
0.99805 0.50586
0.74805 0.25586
0.24805 0.75586
0.18555 0.19336
0.68555 0.69336
0.93555 0.44336
0.43555 0.94336
0.31055 0.31836
0.81055 0.81836
0.56055 0.06836
0.06055 0.56836
0.04492 0.36523
0.54492 0.86523
0.79492 0.11523
0.29492 0.61523
0.41992 0.24023
0.91992 0.74023
0.66992 0.49023
0.16992 0.99023
0.23242 0.05273
0.73242 0.55273
0.98242 0.30273
0.48242 0.80273
0.35742 0.42773
0.85742 0.92773
0.60742 0.17773
0.10742 0.67773
0.07617 0.14648
0.57617 0.64648
0.82617 0.39648
0.32617 0.89648
0.45117 0.27148
0.95117 0.77148
0.70117 0.02148
0.20117 0.52148
0.13867 0.45898
0.63867 0.95898
0.88867 0.20898
0.38867 0.70898
0.26367 0.08398
0.76367 0.58398
0.51367 0.33398
0.01367 0.83398
0.00977 0.16602
0.50977 0.66602
0.75977 0.41602
0.25977 0.91602
0.38477 0.29102
0.88477 0.79102
0.63477 0.04102
0.13477 0.54102
0.19727 0.47852
0.69727 0.97852
0.94727 0.22852
0.44727 0.72852
0.32227 0.10352
0.82227 0.60352
0.57227 0.35352
0.07227 0.85352
0.10352 0.32227
0.60352 0.82227
0.85352 0.07227
0.35352 0.57227
0.47852 0.19727
0.97852 0.69727
0.72852 0.44727
0.22852 0.94727
0.16602 0.00977
0.66602 0.50977
0.91602 0.25977
0.41602 0.75977
0.29102 0.38477
0.79102 0.88477
0.54102 0.13477
0.04102 0.63477
0.05664 0.43164
0.55664 0.93164
0.80664 0.18164
0.30664 0.68164
0.43164 0.05664
0.93164 0.55664
0.68164 0.30664
0.18164 0.80664
0.24414 0.24414
0.74414 0.74414
0.99414 0.49414
0.49414 0.99414
0.36914 0.36914
0.86914 0.86914
0.61914 0.11914
0.11914 0.61914
0.08789 0.08789
0.58789 0.58789
0.83789 0.33789
0.33789 0.83789
0.46289 0.46289
0.96289 0.96289
0.71289 0.21289
0.21289 0.71289
0.15039 0.27539
0.65039 0.77539
0.90039 0.02539
0.40039 0.52539
0.27539 0.15039
0.77539 0.65039
0.52539 0.40039
0.02539 0.90039
0.01758 0.29883
0.51758 0.79883
0.76758 0.04883
0.26758 0.54883
0.39258 0.17383
0.89258 0.67383
0.64258 0.42383
0.14258 0.92383
0.20508 0.11133
0.70508 0.61133
0.95508 0.36133
0.45508 0.86133
0.33008 0.48633
0.83008 0.98633
0.58008 0.23633
0.08008 0.73633
0.11133 0.20508
0.61133 0.70508
0.86133 0.45508
0.36133 0.95508
0.48633 0.33008
0.98633 0.83008
0.73633 0.08008
0.23633 0.58008
0.17383 0.39258
0.67383 0.89258
0.92383 0.14258
0.42383 0.64258
0.29883 0.01758
0.79883 0.51758
0.54883 0.26758
0.04883 0.76758
0.03320 0.03320
0.53320 0.53320
0.78320 0.28320
0.28320 0.78320
0.40820 0.40820
0.90820 0.90820
0.65820 0.15820
0.15820 0.65820
0.22070 0.34570
0.72070 0.84570
0.97070 0.09570
0.47070 0.59570
0.34570 0.22070
0.84570 0.72070
0.59570 0.47070
0.09570 0.97070
0.06445 0.43945
0.56445 0.93945
0.81445 0.18945
0.31445 0.68945
0.43945 0.06445
0.93945 0.56445
0.68945 0.31445
0.18945 0.81445
0.12695 0.12695
0.62695 0.62695
0.87695 0.37695
0.37695 0.87695
0.25195 0.25195
0.75195 0.75195
0.50195 0.00195
0.00195 0.50195
0.00293 0.25098
0.50293 0.75098
0.75293 0.00098
0.25293 0.50098
0.37793 0.12598
0.87793 0.62598
0.62793 0.37598
0.12793 0.87598
0.19043 0.06348
0.69043 0.56348
0.94043 0.31348
0.44043 0.81348
0.31543 0.43848
0.81543 0.93848
0.56543 0.18848
0.06543 0.68848
0.09668 0.21973
0.59668 0.71973
0.84668 0.46973
0.34668 0.96973
0.47168 0.34473
0.97168 0.84473
0.72168 0.09473
0.22168 0.59473
0.15918 0.40723
0.65918 0.90723
0.90918 0.15723
0.40918 0.65723
0.28418 0.03223
0.78418 0.53223
0.53418 0.28223
0.03418 0.78223
0.04980 0.01660
0.54980 0.51660
0.79980 0.26660
0.29980 0.76660
0.42480 0.39160
0.92480 0.89160
0.67480 0.14160
0.17480 0.64160
0.23730 0.32910
0.73730 0.82910
0.98730 0.07910
0.48730 0.57910
0.36230 0.20410
0.86230 0.70410
0.61230 0.45410
0.11230 0.95410
0.08105 0.48535
0.58105 0.98535
0.83105 0.23535
0.33105 0.73535
0.45605 0.11035
0.95605 0.61035
0.70605 0.36035
0.20605 0.86035
0.14355 0.17285
0.64355 0.67285
0.89355 0.42285
0.39355 0.92285
0.26855 0.29785
0.76855 0.79785
0.51855 0.04785
0.01855 0.54785
0.02637 0.14941
0.52637 0.64941
0.77637 0.39941
0.27637 0.89941
0.40137 0.27441
0.90137 0.77441
0.65137 0.02441
0.15137 0.52441
0.21387 0.46191
0.71387 0.96191
0.96387 0.21191
0.46387 0.71191
0.33887 0.08691
0.83887 0.58691
0.58887 0.33691
0.08887 0.83691
0.12012 0.36816
0.62012 0.86816
0.87012 0.11816
0.37012 0.61816
0.49512 0.24316
0.99512 0.74316
0.74512 0.49316
0.24512 0.99316
0.18262 0.05566
0.68262 0.55566
0.93262 0.30566
0.43262 0.80566
0.30762 0.43066
0.80762 0.93066
0.55762 0.18066
0.05762 0.68066
0.04199 0.38379
0.54199 0.88379
0.79199 0.13379
0.29199 0.63379
0.41699 0.00879
0.91699 0.50879
0.66699 0.25879
0.16699 0.75879
0.22949 0.19629
0.72949 0.69629
0.97949 0.44629
0.47949 0.94629
0.35449 0.32129
0.85449 0.82129
0.60449 0.07129
0.10449 0.57129
0.07324 0.10254
0.57324 0.60254
0.82324 0.35254
0.32324 0.85254
0.44824 0.47754
0.94824 0.97754
0.69824 0.22754
0.19824 0.72754
0.13574 0.29004
0.63574 0.79004
0.88574 0.04004
0.38574 0.54004
0.26074 0.16504
0.76074 0.66504
0.51074 0.41504
0.01074 0.91504
0.01465 0.08301
0.51465 0.58301
0.76465 0.33301
0.26465 0.83301
0.38965 0.45801
0.88965 0.95801
0.63965 0.20801
0.13965 0.70801
0.20215 0.27051
0.70215 0.77051
0.95215 0.02051
0.45215 0.52051
0.32715 0.14551
0.82715 0.64551
0.57715 0.39551
0.07715 0.89551
0.10840 0.42676
0.60840 0.92676
0.85840 0.17676
0.35840 0.67676
0.48340 0.05176
0.98340 0.55176
0.73340 0.30176
0.23340 0.80176
0.17090 0.23926
0.67090 0.73926
0.92090 0.48926
0.42090 0.98926
0.29590 0.36426
0.79590 0.86426
0.54590 0.11426
0.04590 0.61426
0.06152 0.31738
0.56152 0.81738
0.81152 0.06738
0.31152 0.56738
0.43652 0.19238
0.93652 0.69238
0.68652 0.44238
0.18652 0.94238
0.24902 0.00488
0.74902 0.50488
0.99902 0.25488
0.49902 0.75488
0.37402 0.37988
0.87402 0.87988
0.62402 0.12988
0.12402 0.62988
0.09277 0.16113
0.59277 0.66113
0.84277 0.41113
0.34277 0.91113
0.46777 0.28613
0.96777 0.78613
0.71777 0.03613
0.21777 0.53613
0.15527 0.47363
0.65527 0.97363
0.90527 0.22363
0.40527 0.72363
0.28027 0.09863
0.78027 0.59863
0.53027 0.34863
0.03027 0.84863
0.02246 0.45020
0.52246 0.95020
0.77246 0.20020
0.27246 0.70020
0.39746 0.07520
0.89746 0.57520
0.64746 0.32520
0.14746 0.82520
0.20996 0.13770
0.70996 0.63770
0.95996 0.38770
0.45996 0.88770
0.33496 0.26270
0.83496 0.76270
0.58496 0.01270
0.08496 0.51270
0.11621 0.04395
0.61621 0.54395
0.86621 0.29395
0.36621 0.79395
0.49121 0.41895
0.99121 0.91895
0.74121 0.16895
0.24121 0.66895
0.17871 0.35645
0.67871 0.85645
0.92871 0.10645
0.42871 0.60645
0.30371 0.23145
0.80371 0.73145
0.55371 0.48145
0.05371 0.98145
0.03809 0.21582
0.53809 0.71582
0.78809 0.46582
0.28809 0.96582
0.41309 0.34082
0.91309 0.84082
0.66309 0.09082
0.16309 0.59082
0.22559 0.40332
0.72559 0.90332
0.97559 0.15332
0.47559 0.65332
0.35059 0.02832
0.85059 0.52832
0.60059 0.27832
0.10059 0.77832
0.06934 0.30957
0.56934 0.80957
0.81934 0.05957
0.31934 0.55957
0.44434 0.18457
0.94434 0.68457
0.69434 0.43457
0.19434 0.93457
0.13184 0.12207
0.63184 0.62207
0.88184 0.37207
0.38184 0.87207
0.25684 0.49707
0.75684 0.99707
0.50684 0.24707
0.00684 0.74707
0.00488 0.24902
0.50488 0.74902
0.75488 0.49902
0.25488 0.99902
0.37988 0.37402
0.87988 0.87402
0.62988 0.12402
0.12988 0.62402
0.19238 0.43652
0.69238 0.93652
0.94238 0.18652
0.44238 0.68652
0.31738 0.06152
0.81738 0.56152
0.56738 0.31152
0.06738 0.81152
0.09863 0.28027
0.59863 0.78027
0.84863 0.03027
0.34863 0.53027
0.47363 0.15527
0.97363 0.65527
0.72363 0.40527
0.22363 0.90527
0.16113 0.09277
0.66113 0.59277
0.91113 0.34277
0.41113 0.84277
0.28613 0.46777
0.78613 0.96777
0.53613 0.21777
0.03613 0.71777
0.05176 0.48340
0.55176 0.98340
0.80176 0.23340
0.30176 0.73340
0.42676 0.10840
0.92676 0.60840
0.67676 0.35840
0.17676 0.85840
0.23926 0.17090
0.73926 0.67090
0.98926 0.42090
0.48926 0.92090
0.36426 0.29590
0.86426 0.79590
0.61426 0.04590
0.11426 0.54590
0.08301 0.01465
0.58301 0.51465
0.83301 0.26465
0.33301 0.76465
0.45801 0.38965
0.95801 0.88965
0.70801 0.13965
0.20801 0.63965
0.14551 0.32715
0.64551 0.82715
0.89551 0.07715
0.39551 0.57715
0.27051 0.20215
0.77051 0.70215
0.52051 0.45215
0.02051 0.95215
0.02832 0.35059
0.52832 0.85059
0.77832 0.10059
0.27832 0.60059
0.40332 0.22559
0.90332 0.72559
0.65332 0.47559
0.15332 0.97559
0.21582 0.03809
0.71582 0.53809
0.96582 0.28809
0.46582 0.78809
0.34082 0.41309
0.84082 0.91309
0.59082 0.16309
0.09082 0.66309
0.12207 0.13184
0.62207 0.63184
0.87207 0.38184
0.37207 0.88184
0.49707 0.25684
0.99707 0.75684
0.74707 0.00684
0.24707 0.50684
0.18457 0.44434
0.68457 0.94434
0.93457 0.19434
0.43457 0.69434
0.30957 0.06934
0.80957 0.56934
0.55957 0.31934
0.05957 0.81934
0.04395 0.11621
0.54395 0.61621
0.79395 0.36621
0.29395 0.86621
0.41895 0.49121
0.91895 0.99121
0.66895 0.24121
0.16895 0.74121
0.23145 0.30371
0.73145 0.80371
0.98145 0.05371
0.48145 0.55371
0.35645 0.17871
0.85645 0.67871
0.60645 0.42871
0.10645 0.92871
0.07520 0.39746
0.57520 0.89746
0.82520 0.14746
0.32520 0.64746
0.45020 0.02246
0.95020 0.52246
0.70020 0.27246
0.20020 0.77246
0.13770 0.20996
0.63770 0.70996
0.88770 0.45996
0.38770 0.95996
0.26270 0.33496
0.76270 0.83496
0.51270 0.08496
0.01270 0.58496
0.00879 0.41699
0.50879 0.91699
0.75879 0.16699
0.25879 0.66699
0.38379 0.04199
0.88379 0.54199
0.63379 0.29199
0.13379 0.79199
0.19629 0.22949
0.69629 0.72949
0.94629 0.47949
0.44629 0.97949
0.32129 0.35449
0.82129 0.85449
0.57129 0.10449
0.07129 0.60449
0.10254 0.07324
0.60254 0.57324
0.85254 0.32324
0.35254 0.82324
0.47754 0.44824
0.97754 0.94824
0.72754 0.19824
0.22754 0.69824
0.16504 0.26074
0.66504 0.76074
0.91504 0.01074
0.41504 0.51074
0.29004 0.13574
0.79004 0.63574
0.54004 0.38574
0.04004 0.88574
0.05566 0.18262
0.55566 0.68262
0.80566 0.43262
0.30566 0.93262
0.43066 0.30762
0.93066 0.80762
0.68066 0.05762
0.18066 0.55762
0.24316 0.49512
0.74316 0.99512
0.99316 0.24512
0.49316 0.74512
0.36816 0.12012
0.86816 0.62012
0.61816 0.37012
0.11816 0.87012
0.08691 0.33887
0.58691 0.83887
0.83691 0.08887
0.33691 0.58887
0.46191 0.21387
0.96191 0.71387
0.71191 0.46387
0.21191 0.96387
0.14941 0.02637
0.64941 0.52637
0.89941 0.27637
0.39941 0.77637
0.27441 0.40137
0.77441 0.90137
0.52441 0.15137
0.02441 0.65137
0.01660 0.04980
0.51660 0.54980
0.76660 0.29980
0.26660 0.79980
0.39160 0.42480
0.89160 0.92480
0.64160 0.17480
0.14160 0.67480
0.20410 0.36230
0.70410 0.86230
0.95410 0.11230
0.45410 0.61230
0.32910 0.23730
0.82910 0.73730
0.57910 0.48730
0.07910 0.98730
0.11035 0.45605
0.61035 0.95605
0.86035 0.20605
0.36035 0.70605
0.48535 0.08105
0.98535 0.58105
0.73535 0.33105
0.23535 0.83105
0.17285 0.14355
0.67285 0.64355
0.92285 0.39355
0.42285 0.89355
0.29785 0.26855
0.79785 0.76855
0.54785 0.01855
0.04785 0.51855
0.03223 0.28418
0.53223 0.78418
0.78223 0.03418
0.28223 0.53418
0.40723 0.15918
0.90723 0.65918
0.65723 0.40918
0.15723 0.90918
0.21973 0.09668
0.71973 0.59668
0.96973 0.34668
0.46973 0.84668
0.34473 0.47168
0.84473 0.97168
0.59473 0.22168
0.09473 0.72168
0.06348 0.19043
0.56348 0.69043
0.81348 0.44043
0.31348 0.94043
0.43848 0.31543
0.93848 0.81543
0.68848 0.06543
0.18848 0.56543
0.12598 0.37793
0.62598 0.87793
0.87598 0.12793
0.37598 0.62793
0.25098 0.00293
0.75098 0.50293
0.50098 0.25293
0.00098 0.75293
0.00146 0.37646
