-0.990000 -1.078916e-01 7.418010e-01 4.315662e-01
-0.980000 -1.506605e-01 7.113626e-01 6.026419e-01
-0.970000 -1.821760e-01 6.812332e-01 7.287040e-01
-0.960000 -2.076610e-01 6.514128e-01 8.306440e-01
-0.950000 -2.291668e-01 6.219015e-01 9.166670e-01
-0.940000 -2.477593e-01 5.926991e-01 9.910374e-01
-0.930000 -2.640805e-01 5.638058e-01 1.056322e+00
-0.920000 -2.785538e-01 5.352215e-01 1.114215e+00
-0.910000 -2.914775e-01 5.069463e-01 1.165910e+00
-0.900000 -3.030714e-01 4.789800e-01 1.212286e+00
-0.890000 -3.135039e-01 4.513228e-01 1.254016e+00
-0.880000 -3.229073e-01 4.239746e-01 1.291629e+00
-0.870000 -3.313885e-01 3.969354e-01 1.325554e+00
-0.860000 -3.390351e-01 3.702052e-01 1.356140e+00
-0.850000 -3.459204e-01 3.437840e-01 1.383681e+00
-0.840000 -3.521064e-01 3.176719e-01 1.408426e+00
-0.830000 -3.576464e-01 2.918688e-01 1.430585e+00
-0.820000 -3.625864e-01 2.663747e-01 1.450346e+00
-0.810000 -3.669668e-01 2.411896e-01 1.467867e+00
-0.800000 -3.708232e-01 2.163136e-01 1.483293e+00
-0.790000 -3.741872e-01 1.917465e-01 1.496749e+00
-0.780000 -3.770871e-01 1.674885e-01 1.508348e+00
-0.770000 -3.795482e-01 1.435395e-01 1.518193e+00
-0.760000 -3.815937e-01 1.198995e-01 1.526375e+00
-0.750000 -3.832446e-01 9.656855e-02 1.532978e+00
-0.740000 -3.845198e-01 7.354661e-02 1.538079e+00
-0.730000 -3.854371e-01 5.083368e-02 1.541748e+00
-0.720000 -3.860126e-01 2.842978e-02 1.544050e+00
-0.710000 -3.862612e-01 6.334897e-03 1.545045e+00
-0.700000 -3.861969e-01 -1.545097e-02 1.544788e+00
-0.690000 -3.858327e-01 -3.692781e-02 1.543331e+00
-0.680000 -3.851805e-01 -5.809564e-02 1.540722e+00
-0.670000 -3.842516e-01 -7.895445e-02 1.537006e+00
-0.660000 -3.830568e-01 -9.950423e-02 1.532227e+00
-0.650000 -3.816059e-01 -1.197450e-01 1.526423e+00
-0.640000 -3.799084e-01 -1.396768e-01 1.519633e+00
-0.630000 -3.779731e-01 -1.592995e-01 1.511892e+00
-0.620000 -3.758086e-01 -1.786132e-01 1.503234e+00
-0.610000 -3.734228e-01 -1.976179e-01 1.493691e+00
-0.600000 -3.708232e-01 -2.163136e-01 1.483293e+00
-0.590000 -3.680173e-01 -2.347002e-01 1.472069e+00
-0.580000 -3.650118e-01 -2.527778e-01 1.460047e+00
-0.570000 -3.618134e-01 -2.705465e-01 1.447253e+00
-0.560000 -3.584284e-01 -2.880060e-01 1.433713e+00
-0.550000 -3.548628e-01 -3.051566e-01 1.419451e+00
-0.540000 -3.511226e-01 -3.219982e-01 1.404490e+00
-0.530000 -3.472132e-01 -3.385307e-01 1.388853e+00
-0.520000 -3.431401e-01 -3.547542e-01 1.372560e+00
-0.510000 -3.389084e-01 -3.706687e-01 1.355634e+00
-0.500000 -3.345233e-01 -3.862742e-01 1.338093e+00
-0.490000 -3.299894e-01 -4.015707e-01 1.319958e+00
-0.480000 -3.253115e-01 -4.165581e-01 1.301246e+00
-0.470000 -3.204942e-01 -4.312365e-01 1.281977e+00
-0.460000 -3.155418e-01 -4.456059e-01 1.262167e+00
-0.450000 -3.104585e-01 -4.596663e-01 1.241834e+00
-0.440000 -3.052486e-01 -4.734177e-01 1.220994e+00
-0.430000 -2.999160e-01 -4.868600e-01 1.199664e+00
-0.420000 -2.944646e-01 -4.999933e-01 1.177859e+00
-0.410000 -2.888984e-01 -5.128176e-01 1.155594e+00
-0.400000 -2.832209e-01 -5.253329e-01 1.132884e+00
-0.390000 -2.774359e-01 -5.375392e-01 1.109744e+00
-0.380000 -2.715468e-01 -5.494364e-01 1.086187e+00
-0.370000 -2.655571e-01 -5.610247e-01 1.062229e+00
-0.360000 -2.594703e-01 -5.723039e-01 1.037881e+00
-0.350000 -2.532896e-01 -5.832740e-01 1.013158e+00
-0.340000 -2.470182e-01 -5.939352e-01 9.880729e-01
-0.330000 -2.406594e-01 -6.042874e-01 9.626377e-01
-0.320000 -2.342163e-01 -6.143305e-01 9.368652e-01
-0.310000 -2.276919e-01 -6.240646e-01 9.107676e-01
-0.300000 -2.210893e-01 -6.334897e-01 8.843570e-01
-0.290000 -2.144113e-01 -6.426058e-01 8.576453e-01
-0.280000 -2.076610e-01 -6.514128e-01 8.306440e-01
-0.270000 -2.008412e-01 -6.599108e-01 8.033647e-01
-0.260000 -1.939546e-01 -6.680999e-01 7.758186e-01
-0.250000 -1.870042e-01 -6.759799e-01 7.480168e-01
-0.240000 -1.799926e-01 -6.835508e-01 7.199703e-01
-0.230000 -1.729225e-01 -6.908128e-01 6.916899e-01
-0.220000 -1.657966e-01 -6.977657e-01 6.631864e-01
-0.210000 -1.586175e-01 -7.044096e-01 6.344702e-01
-0.200000 -1.513880e-01 -7.107445e-01 6.055518e-01
-0.190000 -1.441104e-01 -7.167704e-01 5.764416e-01
-0.180000 -1.367874e-01 -7.224873e-01 5.471497e-01
-0.170000 -1.294216e-01 -7.278951e-01 5.176862e-01
-0.160000 -1.220153e-01 -7.329939e-01 4.880612e-01
-0.150000 -1.145712e-01 -7.377837e-01 4.582847e-01
-0.140000 -1.070916e-01 -7.422645e-01 4.283664e-01
-0.130000 -9.957903e-02 -7.464363e-01 3.983161e-01
-0.120000 -9.203591e-02 -7.502990e-01 3.681436e-01
-0.110000 -8.446463e-02 -7.538527e-01 3.378585e-01
-0.100000 -7.686760e-02 -7.570974e-01 3.074704e-01
-0.090000 -6.924719e-02 -7.600331e-01 2.769888e-01
-0.080000 -6.160578e-02 -7.626598e-01 2.464231e-01
-0.070000 -5.394573e-02 -7.649774e-01 2.157829e-01
-0.060000 -4.626939e-02 -7.669861e-01 1.850776e-01
-0.050000 -3.857911e-02 -7.686857e-01 1.543164e-01
-0.040000 -3.087720e-02 -7.700762e-01 1.235088e-01
-0.030000 -2.316602e-02 -7.711578e-01 9.266408e-02
-0.020000 -1.544788e-02 -7.719304e-01 6.179151e-02
-0.010000 -7.725098e-03 -7.723939e-01 3.090039e-02
0.000000 5.816285e-16 -7.725484e-01 -2.326514e-15
0.010000 7.725098e-03 -7.723939e-01 -3.090039e-02
0.020000 1.544788e-02 -7.719304e-01 -6.179151e-02
0.030000 2.316602e-02 -7.711578e-01 -9.266408e-02
0.040000 3.087720e-02 -7.700762e-01 -1.235088e-01
0.050000 3.857911e-02 -7.686857e-01 -1.543164e-01
0.060000 4.626939e-02 -7.669861e-01 -1.850776e-01
0.070000 5.394573e-02 -7.649774e-01 -2.157829e-01
0.080000 6.160578e-02 -7.626598e-01 -2.464231e-01
0.090000 6.924719e-02 -7.600331e-01 -2.769888e-01
0.100000 7.686760e-02 -7.570974e-01 -3.074704e-01
0.110000 8.446463e-02 -7.538527e-01 -3.378585e-01
0.120000 9.203591e-02 -7.502990e-01 -3.681436e-01
0.130000 9.957903e-02 -7.464363e-01 -3.983161e-01
0.140000 1.070916e-01 -7.422645e-01 -4.283664e-01
0.150000 1.145712e-01 -7.377837e-01 -4.582847e-01
0.160000 1.220153e-01 -7.329939e-01 -4.880612e-01
0.170000 1.294216e-01 -7.278951e-01 -5.176862e-01
0.180000 1.367874e-01 -7.224873e-01 -5.471497e-01
0.190000 1.441104e-01 -7.167704e-01 -5.764416e-01
0.200000 1.513880e-01 -7.107445e-01 -6.055518e-01
0.210000 1.586175e-01 -7.044096e-01 -6.344702e-01
0.220000 1.657966e-01 -6.977657e-01 -6.631864e-01
0.230000 1.729225e-01 -6.908128e-01 -6.916899e-01
0.240000 1.799926e-01 -6.835508e-01 -7.199703e-01
0.250000 1.870042e-01 -6.759799e-01 -7.480168e-01
0.260000 1.939546e-01 -6.680999e-01 -7.758186e-01
0.270000 2.008412e-01 -6.599108e-01 -8.033647e-01
0.280000 2.076610e-01 -6.514128e-01 -8.306440e-01
0.290000 2.144113e-01 -6.426058e-01 -8.576453e-01
0.300000 2.210893e-01 -6.334897e-01 -8.843570e-01
0.310000 2.276919e-01 -6.240646e-01 -9.107676e-01
0.320000 2.342163e-01 -6.143305e-01 -9.368652e-01
0.330000 2.406594e-01 -6.042874e-01 -9.626377e-01
0.340000 2.470182e-01 -5.939352e-01 -9.880729e-01
0.350000 2.532896e-01 -5.832740e-01 -1.013158e+00
0.360000 2.594703e-01 -5.723039e-01 -1.037881e+00
0.370000 2.655571e-01 -5.610247e-01 -1.062229e+00
0.380000 2.715468e-01 -5.494364e-01 -1.086187e+00
0.390000 2.774359e-01 -5.375392e-01 -1.109744e+00
0.400000 2.832209e-01 -5.253329e-01 -1.132884e+00
0.410000 2.888984e-01 -5.128176e-01 -1.155594e+00
0.420000 2.944646e-01 -4.999933e-01 -1.177859e+00
0.430000 2.999160e-01 -4.868600e-01 -1.199664e+00
0.440000 3.052486e-01 -4.734177e-01 -1.220994e+00
0.450000 3.104585e-01 -4.596663e-01 -1.241834e+00
0.460000 3.155418e-01 -4.456059e-01 -1.262167e+00
0.470000 3.204942e-01 -4.312365e-01 -1.281977e+00
0.480000 3.253115e-01 -4.165581e-01 -1.301246e+00
0.490000 3.299894e-01 -4.015707e-01 -1.319958e+00
0.500000 3.345233e-01 -3.862742e-01 -1.338093e+00
0.510000 3.389084e-01 -3.706687e-01 -1.355634e+00
0.520000 3.431401e-01 -3.547542e-01 -1.372560e+00
0.530000 3.472132e-01 -3.385307e-01 -1.388853e+00
0.540000 3.511226e-01 -3.219982e-01 -1.404490e+00
0.550000 3.548628e-01 -3.051566e-01 -1.419451e+00
0.560000 3.584284e-01 -2.880060e-01 -1.433713e+00
0.570000 3.618134e-01 -2.705465e-01 -1.447253e+00
0.580000 3.650118e-01 -2.527778e-01 -1.460047e+00
0.590000 3.680173e-01 -2.347002e-01 -1.472069e+00
0.600000 3.708232e-01 -2.163136e-01 -1.483293e+00
0.610000 3.734228e-01 -1.976179e-01 -1.493691e+00
0.620000 3.758086e-01 -1.786132e-01 -1.503234e+00
0.630000 3.779731e-01 -1.592995e-01 -1.511892e+00
0.640000 3.799084e-01 -1.396768e-01 -1.519633e+00
0.650000 3.816059e-01 -1.197450e-01 -1.526423e+00
0.660000 3.830568e-01 -9.950423e-02 -1.532227e+00
0.670000 3.842516e-01 -7.895445e-02 -1.537006e+00
0.680000 3.851805e-01 -5.809564e-02 -1.540722e+00
0.690000 3.858327e-01 -3.692781e-02 -1.543331e+00
0.700000 3.861969e-01 -1.545097e-02 -1.544788e+00
0.710000 3.862612e-01 6.334897e-03 -1.545045e+00
0.720000 3.860126e-01 2.842978e-02 -1.544050e+00
0.730000 3.854371e-01 5.083368e-02 -1.541748e+00
0.740000 3.845198e-01 7.354661e-02 -1.538079e+00
0.750000 3.832446e-01 9.656855e-02 -1.532978e+00
0.760000 3.815937e-01 1.198995e-01 -1.526375e+00
0.770000 3.795482e-01 1.435395e-01 -1.518193e+00
0.780000 3.770871e-01 1.674885e-01 -1.508348e+00
0.790000 3.741872e-01 1.917465e-01 -1.496749e+00
0.800000 3.708232e-01 2.163136e-01 -1.483293e+00
0.810000 3.669668e-01 2.411896e-01 -1.467867e+00
0.820000 3.625864e-01 2.663747e-01 -1.450346e+00
0.830000 3.576464e-01 2.918688e-01 -1.430585e+00
0.840000 3.521064e-01 3.176719e-01 -1.408426e+00
0.850000 3.459204e-01 3.437840e-01 -1.383681e+00
0.860000 3.390351e-01 3.702052e-01 -1.356140e+00
0.870000 3.313885e-01 3.969354e-01 -1.325554e+00
0.880000 3.229073e-01 4.239746e-01 -1.291629e+00
0.890000 3.135039e-01 4.513228e-01 -1.254016e+00
0.900000 3.030714e-01 4.789800e-01 -1.212286e+00
0.910000 2.914775e-01 5.069463e-01 -1.165910e+00
0.920000 2.785538e-01 5.352215e-01 -1.114215e+00
0.930000 2.640805e-01 5.638058e-01 -1.056322e+00
0.940000 2.477593e-01 5.926991e-01 -9.910374e-01
0.950000 2.291668e-01 6.219015e-01 -9.166670e-01
0.960000 2.076610e-01 6.514128e-01 -8.306440e-01
0.970000 1.821760e-01 6.812332e-01 -7.287040e-01
0.980000 1.506605e-01 7.113626e-01 -6.026419e-01
